# Potential, Kinetic and Total energy per atom (divided by the total number of atoms) of the Ar
# from the first step to the 500
# The potential energy is calculated with the Lennard-Jones potential shiftted to avoid discontinuties
# The kinetic energy is the sum of 1/2v**2 of each particle
# The total energy is the sum of the kinetic and potential energy 
# Step                      Potential Energy per atom   Kinetic Energy per atom     Total Energy per atom 
 1                                    -6.972346             0.926668                      -6.045678 
 2                                    -6.970823             0.925180                      -6.045643 
 3                                    -6.966223             0.920683                      -6.045540 
 4                                    -6.958447             0.913079                      -6.045369 
 5                                    -6.947332             0.902201                      -6.045131 
 6                                    -6.932652             0.887826                      -6.044826 
 7                                    -6.914141             0.869684                      -6.044457 
 8                                    -6.891510             0.847486                      -6.044024 
 9                                    -6.864485             0.820956                      -6.043529 
 10                                   -6.832866             0.789886                      -6.042980 
 11                                   -6.796622             0.754210                      -6.042412 
 12                                   -6.755932             0.714095                      -6.041837 
 13                                   -6.711287             0.670041                      -6.041246 
 14                                   -6.663662             0.622970                      -6.040692 
 15                                   -6.614417             0.574260                      -6.040157 
 16                                   -6.565334             0.525693                      -6.039642 
 17                                   -6.518444             0.479289                      -6.039155 
 18                                   -6.475781             0.437053                      -6.038728 
 19                                   -6.439052             0.400695                      -6.038357 
 20                                   -6.409478             0.371407                      -6.038072 
 21                                   -6.387622             0.349749                      -6.037873 
 22                                   -6.373410             0.335664                      -6.037746 
 23                                   -6.366252             0.328582                      -6.037670 
 24                                   -6.365197             0.327574                      -6.037623 
 25                                   -6.369131             0.331526                      -6.037604 
 26                                   -6.376908             0.339295                      -6.037613 
 27                                   -6.387441             0.349816                      -6.037625 
 28                                   -6.399810             0.362168                      -6.037642 
 29                                   -6.413240             0.375586                      -6.037654 
 30                                   -6.427100             0.389435                      -6.037665 
 31                                   -6.440874             0.403180                      -6.037694 
 32                                   -6.454088             0.416351                      -6.037737 
 33                                   -6.466316             0.428541                      -6.037775 
 34                                   -6.477239             0.439408                      -6.037831 
 35                                   -6.486583             0.448686                      -6.037897 
 36                                   -6.494156             0.456191                      -6.037964 
 37                                   -6.499862             0.461825                      -6.038037 
 38                                   -6.503664             0.465556                      -6.038109 
 39                                   -6.505578             0.467407                      -6.038170 
 40                                   -6.505679             0.467443                      -6.038236 
 41                                   -6.504037             0.465755                      -6.038282 
 42                                   -6.500795             0.462462                      -6.038333 
 43                                   -6.496077             0.457714                      -6.038363 
 44                                   -6.490089             0.451697                      -6.038392 
 45                                   -6.483070             0.444645                      -6.038425 
 46                                   -6.475303             0.436850                      -6.038453 
 47                                   -6.467135             0.428665                      -6.038470 
 48                                   -6.458960             0.420501                      -6.038459 
 49                                   -6.451261             0.412816                      -6.038444 
 50                                   -6.444510             0.406089                      -6.038421 
 51                                   -6.439195             0.400781                      -6.038413 
 52                                   -6.435717             0.397290                      -6.038427 
 53                                   -6.434372             0.395903                      -6.038469 
 54                                   -6.435285             0.396762                      -6.038523 
 55                                   -6.438437             0.399847                      -6.038591 
 56                                   -6.443640             0.404982                      -6.038659 
 57                                   -6.450592             0.411865                      -6.038727 
 58                                   -6.458908             0.420108                      -6.038801 
 59                                   -6.468145             0.429274                      -6.038871 
 60                                   -6.477853             0.438917                      -6.038936 
 61                                   -6.487611             0.448609                      -6.039002 
 62                                   -6.497026             0.457963                      -6.039063 
 63                                   -6.505771             0.466651                      -6.039120 
 64                                   -6.513626             0.474423                      -6.039203 
 65                                   -6.520346             0.481111                      -6.039236 
 66                                   -6.525892             0.486631                      -6.039260 
 67                                   -6.530266             0.490976                      -6.039289 
 68                                   -6.533510             0.494195                      -6.039314 
 69                                   -6.535711             0.496373                      -6.039338 
 70                                   -6.536958             0.497611                      -6.039348 
 71                                   -6.537364             0.498009                      -6.039355 
 72                                   -6.537031             0.497657                      -6.039373 
 73                                   -6.536005             0.496634                      -6.039371 
 74                                   -6.534361             0.495003                      -6.039358 
 75                                   -6.532173             0.492823                      -6.039350 
 76                                   -6.529490             0.490152                      -6.039338 
 77                                   -6.526396             0.487064                      -6.039332 
 78                                   -6.522992             0.483656                      -6.039336 
 79                                   -6.519430             0.480075                      -6.039354 
 80                                   -6.515903             0.476528                      -6.039375 
 81                                   -6.512666             0.473286                      -6.039380 
 82                                   -6.510030             0.470665                      -6.039365 
 83                                   -6.508313             0.468974                      -6.039339 
 84                                   -6.507759             0.468437                      -6.039321 
 85                                   -6.508427             0.469118                      -6.039309 
 86                                   -6.510184             0.470885                      -6.039299 
 87                                   -6.512719             0.473433                      -6.039286 
 88                                   -6.515625             0.476362                      -6.039262 
 89                                   -6.518507             0.479278                      -6.039229 
 90                                   -6.521088             0.481883                      -6.039205 
 91                                   -6.523181             0.484020                      -6.039161 
 92                                   -6.524781             0.485680                      -6.039101 
 93                                   -6.525982             0.486958                      -6.039024 
 94                                   -6.526940             0.487997                      -6.038943 
 95                                   -6.527791             0.488925                      -6.038866 
 96                                   -6.528603             0.489816                      -6.038786 
 97                                   -6.529395             0.490669                      -6.038726 
 98                                   -6.530087             0.491419                      -6.038668 
 99                                   -6.530581             0.491971                      -6.038611 
 100                                  -6.530777             0.492233                      -6.038544 
 101                                  -6.530636             0.492159                      -6.038478 
 102                                  -6.530173             0.491765                      -6.038409 
 103                                  -6.529474             0.491140                      -6.038334 
 104                                  -6.528702             0.490434                      -6.038269 
 105                                  -6.528048             0.489829                      -6.038219 
 106                                  -6.527697             0.489508                      -6.038189 
 107                                  -6.527799             0.489621                      -6.038178 
 108                                  -6.528427             0.490259                      -6.038169 
 109                                  -6.529616             0.491437                      -6.038179 
 110                                  -6.531290             0.493101                      -6.038188 
 111                                  -6.533336             0.495139                      -6.038196 
 112                                  -6.535604             0.497401                      -6.038203 
 113                                  -6.537923             0.499719                      -6.038204 
 114                                  -6.540159             0.501930                      -6.038229 
 115                                  -6.542141             0.503885                      -6.038256 
 116                                  -6.543741             0.505463                      -6.038278 
 117                                  -6.544865             0.506574                      -6.038292 
 118                                  -6.545476             0.507174                      -6.038301 
 119                                  -6.545576             0.507271                      -6.038304 
 120                                  -6.545225             0.506931                      -6.038294 
 121                                  -6.544546             0.506275                      -6.038271 
 122                                  -6.543691             0.505467                      -6.038224 
 123                                  -6.542846             0.504683                      -6.038163 
 124                                  -6.542167             0.504073                      -6.038093 
 125                                  -6.541748             0.503717                      -6.038031 
 126                                  -6.541585             0.503598                      -6.037987 
 127                                  -6.541576             0.503604                      -6.037972 
 128                                  -6.541533             0.503556                      -6.037977 
 129                                  -6.541240             0.503257                      -6.037983 
 130                                  -6.540530             0.502544                      -6.037987 
 131                                  -6.539300             0.501326                      -6.037974 
 132                                  -6.537579             0.499614                      -6.037965 
 133                                  -6.535466             0.497517                      -6.037949 
 134                                  -6.533171             0.495238                      -6.037933 
 135                                  -6.530954             0.493037                      -6.037918 
 136                                  -6.529096             0.491193                      -6.037904 
 137                                  -6.527857             0.489958                      -6.037899 
 138                                  -6.527416             0.489511                      -6.037906 
 139                                  -6.527845             0.489923                      -6.037922 
 140                                  -6.529097             0.491157                      -6.037940 
 141                                  -6.531030             0.493084                      -6.037946 
 142                                  -6.533476             0.495525                      -6.037951 
 143                                  -6.536245             0.498291                      -6.037954 
 144                                  -6.539174             0.501223                      -6.037950 
 145                                  -6.542162             0.504202                      -6.037960 
 146                                  -6.545158             0.507151                      -6.038007 
 147                                  -6.548083             0.510020                      -6.038063 
 148                                  -6.550896             0.512763                      -6.038133 
 149                                  -6.553545             0.515324                      -6.038222 
 150                                  -6.555932             0.517623                      -6.038309 
 151                                  -6.557949             0.519560                      -6.038389 
 152                                  -6.559478             0.521029                      -6.038449 
 153                                  -6.560440             0.521936                      -6.038504 
 154                                  -6.560767             0.522222                      -6.038545 
 155                                  -6.560448             0.521886                      -6.038562 
 156                                  -6.559546             0.520993                      -6.038553 
 157                                  -6.558197             0.519670                      -6.038526 
 158                                  -6.556573             0.518092                      -6.038481 
 159                                  -6.554906             0.516445                      -6.038461 
 160                                  -6.553344             0.514889                      -6.038455 
 161                                  -6.551967             0.513527                      -6.038440 
 162                                  -6.550817             0.512399                      -6.038418 
 163                                  -6.549908             0.511488                      -6.038421 
 164                                  -6.549198             0.510754                      -6.038443 
 165                                  -6.548605             0.510162                      -6.038444 
 166                                  -6.548114             0.509692                      -6.038421 
 167                                  -6.547764             0.509349                      -6.038415 
 168                                  -6.547581             0.509146                      -6.038435 
 169                                  -6.547563             0.509093                      -6.038470 
 170                                  -6.547699             0.509190                      -6.038509 
 171                                  -6.547973             0.509416                      -6.038557 
 172                                  -6.548329             0.509729                      -6.038600 
 173                                  -6.548716             0.510063                      -6.038653 
 174                                  -6.549036             0.510323                      -6.038712 
 175                                  -6.549155             0.510394                      -6.038761 
 176                                  -6.548944             0.510140                      -6.038804 
 177                                  -6.548272             0.509425                      -6.038847 
 178                                  -6.547006             0.508131                      -6.038875 
 179                                  -6.545079             0.506191                      -6.038888 
 180                                  -6.542506             0.503612                      -6.038894 
 181                                  -6.539368             0.500494                      -6.038874 
 182                                  -6.535866             0.497031                      -6.038836 
 183                                  -6.532279             0.493496                      -6.038783 
 184                                  -6.528931             0.490205                      -6.038725 
 185                                  -6.526146             0.487470                      -6.038677 
 186                                  -6.524201             0.485553                      -6.038648 
 187                                  -6.523267             0.484636                      -6.038631 
 188                                  -6.523411             0.484796                      -6.038614 
 189                                  -6.524600             0.486013                      -6.038587 
 190                                  -6.526735             0.488176                      -6.038559 
 191                                  -6.529630             0.491107                      -6.038523 
 192                                  -6.533064             0.494586                      -6.038478 
 193                                  -6.536816             0.498373                      -6.038443 
 194                                  -6.540670             0.502238                      -6.038432 
 195                                  -6.544401             0.505982                      -6.038418 
 196                                  -6.547857             0.509462                      -6.038395 
 197                                  -6.550985             0.512593                      -6.038392 
 198                                  -6.553758             0.515351                      -6.038407 
 199                                  -6.556171             0.517750                      -6.038420 
 200                                  -6.558241             0.519824                      -6.038417 
 201                                  -6.559985             0.521593                      -6.038392 
 202                                  -6.561430             0.523052                      -6.038378 
 203                                  -6.562540             0.524166                      -6.038374 
 204                                  -6.563243             0.524875                      -6.038368 
 205                                  -6.563496             0.525117                      -6.038378 
 206                                  -6.563250             0.524848                      -6.038401 
 207                                  -6.562477             0.524059                      -6.038417 
 208                                  -6.561223             0.522791                      -6.038431 
 209                                  -6.559561             0.521134                      -6.038427 
 210                                  -6.557642             0.519219                      -6.038424 
 211                                  -6.555627             0.517193                      -6.038435 
 212                                  -6.553632             0.515197                      -6.038434 
 213                                  -6.551790             0.513340                      -6.038449 
 214                                  -6.550166             0.511681                      -6.038485 
 215                                  -6.548746             0.510232                      -6.038514 
 216                                  -6.547494             0.508973                      -6.038522 
 217                                  -6.546421             0.507885                      -6.038536 
 218                                  -6.545514             0.506974                      -6.038540 
 219                                  -6.544824             0.506294                      -6.038530 
 220                                  -6.544452             0.505940                      -6.038512 
 221                                  -6.544509             0.506022                      -6.038487 
 222                                  -6.545108             0.506629                      -6.038479 
 223                                  -6.546269             0.507788                      -6.038481 
 224                                  -6.547959             0.509445                      -6.038513 
 225                                  -6.550034             0.511471                      -6.038563 
 226                                  -6.552298             0.513684                      -6.038614 
 227                                  -6.554553             0.515888                      -6.038664 
 228                                  -6.556597             0.517898                      -6.038699 
 229                                  -6.558280             0.519547                      -6.038733 
 230                                  -6.559459             0.520691                      -6.038768 
 231                                  -6.560004             0.521199                      -6.038805 
 232                                  -6.559791             0.520950                      -6.038841 
 233                                  -6.558706             0.519832                      -6.038874 
 234                                  -6.556663             0.517756                      -6.038908 
 235                                  -6.553617             0.514663                      -6.038954 
 236                                  -6.549552             0.510548                      -6.039004 
 237                                  -6.544506             0.505464                      -6.039042 
 238                                  -6.538631             0.499538                      -6.039093 
 239                                  -6.532102             0.492968                      -6.039135 
 240                                  -6.525179             0.486015                      -6.039164 
 241                                  -6.518174             0.478989                      -6.039185 
 242                                  -6.511417             0.472219                      -6.039198 
 243                                  -6.505243             0.466029                      -6.039214 
 244                                  -6.499934             0.460705                      -6.039228 
 245                                  -6.495722             0.456472                      -6.039249 
 246                                  -6.492767             0.453477                      -6.039290 
 247                                  -6.491129             0.451787                      -6.039342 
 248                                  -6.490786             0.451392                      -6.039394 
 249                                  -6.491678             0.452226                      -6.039451 
 250                                  -6.493676             0.454187                      -6.039489 
 251                                  -6.496691             0.457151                      -6.039539 
 252                                  -6.500578             0.460998                      -6.039580 
 253                                  -6.505228             0.465610                      -6.039618 
 254                                  -6.510541             0.470883                      -6.039658 
 255                                  -6.516410             0.476717                      -6.039693 
 256                                  -6.522738             0.483014                      -6.039725 
 257                                  -6.529414             0.489666                      -6.039747 
 258                                  -6.536318             0.496550                      -6.039768 
 259                                  -6.543302             0.503519                      -6.039783 
 260                                  -6.550187             0.510399                      -6.039788 
 261                                  -6.556775             0.516996                      -6.039779 
 262                                  -6.562884             0.523102                      -6.039782 
 263                                  -6.568300             0.528505                      -6.039795 
 264                                  -6.572834             0.533014                      -6.039820 
 265                                  -6.576322             0.536473                      -6.039849 
 266                                  -6.578650             0.538786                      -6.039864 
 267                                  -6.579787             0.539934                      -6.039853 
 268                                  -6.579817             0.539984                      -6.039833 
 269                                  -6.578881             0.539091                      -6.039790 
 270                                  -6.577212             0.537487                      -6.039725 
 271                                  -6.575111             0.535447                      -6.039664 
 272                                  -6.572858             0.533254                      -6.039604 
 273                                  -6.570709             0.531148                      -6.039561 
 274                                  -6.568824             0.529294                      -6.039530 
 275                                  -6.567271             0.527763                      -6.039509 
 276                                  -6.566039             0.526539                      -6.039500 
 277                                  -6.565054             0.525547                      -6.039507 
 278                                  -6.564214             0.524684                      -6.039530 
 279                                  -6.563412             0.523856                      -6.039556 
 280                                  -6.562567             0.523005                      -6.039562 
 281                                  -6.561703             0.522121                      -6.039582 
 282                                  -6.560854             0.521243                      -6.039611 
 283                                  -6.560080             0.520451                      -6.039629 
 284                                  -6.559493             0.519845                      -6.039648 
 285                                  -6.559191             0.519525                      -6.039666 
 286                                  -6.559244             0.519564                      -6.039680 
 287                                  -6.559675             0.519989                      -6.039687 
 288                                  -6.560470             0.520774                      -6.039696 
 289                                  -6.561541             0.521844                      -6.039697 
 290                                  -6.562794             0.523096                      -6.039698 
 291                                  -6.564122             0.524425                      -6.039697 
 292                                  -6.565444             0.525749                      -6.039695 
 293                                  -6.566722             0.527026                      -6.039695 
 294                                  -6.567944             0.528256                      -6.039688 
 295                                  -6.569138             0.529466                      -6.039672 
 296                                  -6.570337             0.530690                      -6.039647 
 297                                  -6.571573             0.531952                      -6.039621 
 298                                  -6.572847             0.533249                      -6.039597 
 299                                  -6.574123             0.534550                      -6.039572 
 300                                  -6.575344             0.535793                      -6.039551 
 301                                  -6.576417             0.536890                      -6.039527 
 302                                  -6.577219             0.537731                      -6.039487 
 303                                  -6.577653             0.538198                      -6.039454 
 304                                  -6.577602             0.538176                      -6.039426 
 305                                  -6.576980             0.537571                      -6.039409 
 306                                  -6.575699             0.536325                      -6.039374 
 307                                  -6.573766             0.534429                      -6.039337 
 308                                  -6.571220             0.531929                      -6.039291 
 309                                  -6.568180             0.528928                      -6.039252 
 310                                  -6.564785             0.525585                      -6.039200 
 311                                  -6.561237             0.522100                      -6.039137 
 312                                  -6.557769             0.518692                      -6.039077 
 313                                  -6.554603             0.515573                      -6.039030 
 314                                  -6.551892             0.512907                      -6.038985 
 315                                  -6.549733             0.510776                      -6.038956 
 316                                  -6.548095             0.509155                      -6.038940 
 317                                  -6.546834             0.507902                      -6.038932 
 318                                  -6.545723             0.506783                      -6.038941 
 319                                  -6.544450             0.505501                      -6.038949 
 320                                  -6.542717             0.503753                      -6.038965 
 321                                  -6.540258             0.501277                      -6.038981 
 322                                  -6.536891             0.497898                      -6.038992 
 323                                  -6.532547             0.493567                      -6.038979 
 324                                  -6.527333             0.488379                      -6.038954 
 325                                  -6.521492             0.482579                      -6.038913 
 326                                  -6.515397             0.476543                      -6.038854 
 327                                  -6.509530             0.470723                      -6.038807 
 328                                  -6.504338             0.465571                      -6.038766 
 329                                  -6.500182             0.461445                      -6.038737 
 330                                  -6.497256             0.458537                      -6.038720 
 331                                  -6.495547             0.456840                      -6.038707 
 332                                  -6.494882             0.456179                      -6.038704 
 333                                  -6.494959             0.456267                      -6.038692 
 334                                  -6.495481             0.456791                      -6.038690 
 335                                  -6.496146             0.457474                      -6.038672 
 336                                  -6.496759             0.458118                      -6.038641 
 337                                  -6.497242             0.458618                      -6.038624 
 338                                  -6.497568             0.458959                      -6.038609 
 339                                  -6.497786             0.459195                      -6.038592 
 340                                  -6.497988             0.459422                      -6.038566 
 341                                  -6.498291             0.459756                      -6.038535 
 342                                  -6.498815             0.460307                      -6.038507 
 343                                  -6.499671             0.461165                      -6.038505 
 344                                  -6.500902             0.462391                      -6.038511 
 345                                  -6.502530             0.464013                      -6.038517 
 346                                  -6.504554             0.466030                      -6.038523 
 347                                  -6.506950             0.468417                      -6.038534 
 348                                  -6.509670             0.471126                      -6.038544 
 349                                  -6.512663             0.474092                      -6.038571 
 350                                  -6.515836             0.477231                      -6.038605 
 351                                  -6.519069             0.480433                      -6.038636 
 352                                  -6.522238             0.483569                      -6.038669 
 353                                  -6.525196             0.486500                      -6.038696 
 354                                  -6.527840             0.489104                      -6.038736 
 355                                  -6.530061             0.491296                      -6.038765 
 356                                  -6.531836             0.493057                      -6.038778 
 357                                  -6.533216             0.494446                      -6.038770 
 358                                  -6.534333             0.495593                      -6.038740 
 359                                  -6.535375             0.496675                      -6.038699 
 360                                  -6.536544             0.497888                      -6.038657 
 361                                  -6.538024             0.499396                      -6.038629 
 362                                  -6.539899             0.501308                      -6.038591 
 363                                  -6.542202             0.503656                      -6.038546 
 364                                  -6.544907             0.506398                      -6.038509 
 365                                  -6.547911             0.509435                      -6.038476 
 366                                  -6.551094             0.512635                      -6.038459 
 367                                  -6.554314             0.515863                      -6.038451 
 368                                  -6.557447             0.519000                      -6.038447 
 369                                  -6.560394             0.521951                      -6.038444 
 370                                  -6.563090             0.524649                      -6.038441 
 371                                  -6.565498             0.527055                      -6.038443 
 372                                  -6.567618             0.529151                      -6.038466 
 373                                  -6.569420             0.530935                      -6.038485 
 374                                  -6.570925             0.532418                      -6.038506 
 375                                  -6.572167             0.533627                      -6.038539 
 376                                  -6.573178             0.534603                      -6.038575 
 377                                  -6.574007             0.535399                      -6.038608 
 378                                  -6.574709             0.536081                      -6.038628 
 379                                  -6.575348             0.536720                      -6.038628 
 380                                  -6.576016             0.537386                      -6.038630 
 381                                  -6.576768             0.538137                      -6.038631 
 382                                  -6.577651             0.539014                      -6.038637 
 383                                  -6.578669             0.540029                      -6.038639 
 384                                  -6.579802             0.541164                      -6.038638 
 385                                  -6.580998             0.542362                      -6.038636 
 386                                  -6.582176             0.543538                      -6.038638 
 387                                  -6.583232             0.544580                      -6.038652 
 388                                  -6.584026             0.545362                      -6.038663 
 389                                  -6.584435             0.545769                      -6.038666 
 390                                  -6.584364             0.545709                      -6.038656 
 391                                  -6.583794             0.545139                      -6.038654 
 392                                  -6.582760             0.544084                      -6.038676 
 393                                  -6.581303             0.542636                      -6.038668 
 394                                  -6.579593             0.540951                      -6.038642 
 395                                  -6.577857             0.539223                      -6.038633 
 396                                  -6.576264             0.537649                      -6.038615 
 397                                  -6.574982             0.536386                      -6.038595 
 398                                  -6.574107             0.535526                      -6.038581 
 399                                  -6.573652             0.535076                      -6.038576 
 400                                  -6.573552             0.534971                      -6.038581 
 401                                  -6.573675             0.535097                      -6.038578 
 402                                  -6.573910             0.535326                      -6.038584 
 403                                  -6.574137             0.535551                      -6.038586 
 404                                  -6.574277             0.535703                      -6.038575 
 405                                  -6.574318             0.535753                      -6.038565 
 406                                  -6.574259             0.535700                      -6.038559 
 407                                  -6.574108             0.535543                      -6.038565 
 408                                  -6.573852             0.535267                      -6.038585 
 409                                  -6.573439             0.534829                      -6.038610 
 410                                  -6.572810             0.534170                      -6.038640 
 411                                  -6.571885             0.533233                      -6.038653 
 412                                  -6.570631             0.531986                      -6.038645 
 413                                  -6.569076             0.530443                      -6.038632 
 414                                  -6.567267             0.528662                      -6.038605 
 415                                  -6.565323             0.526736                      -6.038586 
 416                                  -6.563356             0.524771                      -6.038585 
 417                                  -6.561451             0.522858                      -6.038593 
 418                                  -6.559648             0.521056                      -6.038592 
 419                                  -6.557960             0.519381                      -6.038578 
 420                                  -6.556371             0.517807                      -6.038564 
 421                                  -6.554816             0.516275                      -6.038541 
 422                                  -6.553218             0.514702                      -6.038516 
 423                                  -6.551493             0.513003                      -6.038490 
 424                                  -6.549559             0.511097                      -6.038462 
 425                                  -6.547359             0.508932                      -6.038427 
 426                                  -6.544883             0.506499                      -6.038384 
 427                                  -6.542182             0.503841                      -6.038341 
 428                                  -6.539353             0.501054                      -6.038299 
 429                                  -6.536550             0.498270                      -6.038280 
 430                                  -6.533871             0.495617                      -6.038254 
 431                                  -6.531418             0.493179                      -6.038239 
 432                                  -6.529192             0.490961                      -6.038230 
 433                                  -6.527110             0.488885                      -6.038225 
 434                                  -6.525017             0.486808                      -6.038209 
 435                                  -6.522771             0.484570                      -6.038201 
 436                                  -6.520242             0.482041                      -6.038200 
 437                                  -6.517366             0.479158                      -6.038209 
 438                                  -6.514176             0.475933                      -6.038243 
 439                                  -6.510721             0.472449                      -6.038271 
 440                                  -6.507132             0.468835                      -6.038297 
 441                                  -6.503560             0.465226                      -6.038333 
 442                                  -6.500119             0.461741                      -6.038378 
 443                                  -6.496890             0.458456                      -6.038434 
 444                                  -6.493894             0.455402                      -6.038492 
 445                                  -6.491124             0.452571                      -6.038553 
 446                                  -6.488551             0.449944                      -6.038607 
 447                                  -6.486184             0.447517                      -6.038667 
 448                                  -6.484061             0.445338                      -6.038722 
 449                                  -6.482303             0.443536                      -6.038767 
 450                                  -6.481123             0.442320                      -6.038803 
 451                                  -6.480800             0.441961                      -6.038839 
 452                                  -6.481618             0.442741                      -6.038877 
 453                                  -6.483804             0.444885                      -6.038919 
 454                                  -6.487460             0.448497                      -6.038963 
 455                                  -6.492545             0.453527                      -6.039018 
 456                                  -6.498861             0.459771                      -6.039090 
 457                                  -6.506105             0.466913                      -6.039192 
 458                                  -6.513859             0.474577                      -6.039281 
 459                                  -6.521764             0.482383                      -6.039381 
 460                                  -6.529436             0.489980                      -6.039455 
 461                                  -6.536599             0.497082                      -6.039517 
 462                                  -6.543047             0.503474                      -6.039572 
 463                                  -6.548633             0.509024                      -6.039609 
 464                                  -6.553306             0.513678                      -6.039628 
 465                                  -6.557077             0.517456                      -6.039622 
 466                                  -6.560038             0.520432                      -6.039606 
 467                                  -6.562301             0.522719                      -6.039582 
 468                                  -6.563980             0.524445                      -6.039535 
 469                                  -6.565226             0.525731                      -6.039495 
 470                                  -6.566157             0.526681                      -6.039476 
 471                                  -6.566829             0.527375                      -6.039454 
 472                                  -6.567312             0.527868                      -6.039444 
 473                                  -6.567650             0.528201                      -6.039450 
 474                                  -6.567874             0.528402                      -6.039472 
 475                                  -6.567984             0.528503                      -6.039481 
 476                                  -6.568017             0.528542                      -6.039475 
 477                                  -6.568033             0.528570                      -6.039462 
 478                                  -6.568108             0.528655                      -6.039452 
 479                                  -6.568321             0.528877                      -6.039444 
 480                                  -6.568763             0.529318                      -6.039445 
 481                                  -6.569496             0.530051                      -6.039445 
 482                                  -6.570558             0.531122                      -6.039437 
 483                                  -6.571960             0.532534                      -6.039426 
 484                                  -6.573646             0.534236                      -6.039410 
 485                                  -6.575516             0.536125                      -6.039392 
 486                                  -6.577420             0.538047                      -6.039373 
 487                                  -6.579172             0.539820                      -6.039352 
 488                                  -6.580584             0.541246                      -6.039338 
 489                                  -6.581471             0.542141                      -6.039330 
 490                                  -6.581669             0.542346                      -6.039323 
 491                                  -6.581060             0.541749                      -6.039311 
 492                                  -6.579575             0.540287                      -6.039289 
 493                                  -6.577210             0.537948                      -6.039262 
 494                                  -6.573996             0.534762                      -6.039234 
 495                                  -6.569978             0.530784                      -6.039194 
 496                                  -6.565240             0.526083                      -6.039157 
 497                                  -6.559855             0.520731                      -6.039124 
 498                                  -6.553898             0.514803                      -6.039095 
 499                                  -6.547446             0.508383                      -6.039063 
 500                                  -6.540589             0.501584                      -6.039005 
