# Potential, Kinetic and Total energy per atom (divided by the total number of atoms) of the Ar
# from the first step to the 500
# The potential energy is calculated with the Lennard-Jones potential shiftted to avoid discontinuties
# The kinetic energy is the sum of 1/2v**2 of each particle
# The total energy is the sum of the kinetic and potential energy 
# Step                      Potential Energy per atom   Kinetic Energy per atom     Total Energy per atom 
 1                                    -6.972346             1.058761                      -5.913585 
 2                                    -6.970676             1.057129                      -5.913547 
 3                                    -6.965625             1.052192                      -5.913433 
 4                                    -6.957067             1.043822                      -5.913245 
 5                                    -6.944795             1.031813                      -5.912982 
 6                                    -6.928535             1.015888                      -5.912647 
 7                                    -6.907960             0.995720                      -5.912239 
 8                                    -6.882723             0.970959                      -5.911764 
 9                                    -6.852505             0.941275                      -5.911230 
 10                                   -6.817093             0.906427                      -5.910666 
 11                                   -6.776437             0.866350                      -5.910087 
 12                                   -6.730774             0.821264                      -5.909510 
 13                                   -6.680724             0.771787                      -5.908938 
 14                                   -6.627405             0.719031                      -5.908374 
 15                                   -6.572471             0.664635                      -5.907836 
 16                                   -6.518021             0.610687                      -5.907335 
 17                                   -6.466410             0.559521                      -5.906889 
 18                                   -6.419938             0.513418                      -5.906520 
 19                                   -6.380504             0.474268                      -5.906236 
 20                                   -6.349358             0.443317                      -5.906041 
 21                                   -6.326968             0.421046                      -5.905922 
 22                                   -6.313069             0.407204                      -5.905865 
 23                                   -6.306809             0.400960                      -5.905849 
 24                                   -6.306952             0.401089                      -5.905862 
 25                                   -6.312069             0.406176                      -5.905893 
 26                                   -6.320706             0.414774                      -5.905933 
 27                                   -6.331493             0.425527                      -5.905965 
 28                                   -6.343250             0.437263                      -5.905987 
 29                                   -6.355036             0.449033                      -5.906002 
 30                                   -6.366153             0.460144                      -5.906010 
 31                                   -6.376156             0.470144                      -5.906012 
 32                                   -6.384812             0.478805                      -5.906007 
 33                                   -6.392066             0.486071                      -5.905994 
 34                                   -6.398001             0.492009                      -5.905993 
 35                                   -6.402754             0.496753                      -5.906001 
 36                                   -6.406481             0.500467                      -5.906013 
 37                                   -6.409348             0.503319                      -5.906029 
 38                                   -6.411509             0.505460                      -5.906049 
 39                                   -6.413094             0.507019                      -5.906075 
 40                                   -6.414199             0.508101                      -5.906098 
 41                                   -6.414915             0.508788                      -5.906127 
 42                                   -6.415326             0.509154                      -5.906172 
 43                                   -6.415493             0.509274                      -5.906219 
 44                                   -6.415495             0.509237                      -5.906258 
 45                                   -6.415454             0.509154                      -5.906300 
 46                                   -6.415481             0.509148                      -5.906333 
 47                                   -6.415709             0.509342                      -5.906367 
 48                                   -6.416242             0.509838                      -5.906404 
 49                                   -6.417139             0.510695                      -5.906445 
 50                                   -6.418405             0.511920                      -5.906486 
 51                                   -6.420004             0.513474                      -5.906531 
 52                                   -6.421856             0.515282                      -5.906574 
 53                                   -6.423871             0.517253                      -5.906617 
 54                                   -6.425949             0.519292                      -5.906657 
 55                                   -6.428004             0.521310                      -5.906693 
 56                                   -6.429966             0.523234                      -5.906732 
 57                                   -6.431778             0.525010                      -5.906768 
 58                                   -6.433408             0.526609                      -5.906798 
 59                                   -6.434860             0.528031                      -5.906829 
 60                                   -6.436164             0.529303                      -5.906861 
 61                                   -6.437374             0.530481                      -5.906893 
 62                                   -6.438567             0.531635                      -5.906931 
 63                                   -6.439818             0.532847                      -5.906972 
 64                                   -6.441204             0.534188                      -5.907015 
 65                                   -6.442777             0.535719                      -5.907058 
 66                                   -6.444577             0.537473                      -5.907104 
 67                                   -6.446599             0.539459                      -5.907141 
 68                                   -6.448833             0.541656                      -5.907177 
 69                                   -6.451248             0.544026                      -5.907222 
 70                                   -6.453774             0.546509                      -5.907265 
 71                                   -6.456337             0.549034                      -5.907303 
 72                                   -6.458860             0.551520                      -5.907341 
 73                                   -6.461259             0.553878                      -5.907381 
 74                                   -6.463442             0.556023                      -5.907418 
 75                                   -6.465330             0.557880                      -5.907451 
 76                                   -6.466874             0.559394                      -5.907480 
 77                                   -6.468050             0.560544                      -5.907506 
 78                                   -6.468868             0.561341                      -5.907526 
 79                                   -6.469374             0.561833                      -5.907542 
 80                                   -6.469642             0.562085                      -5.907557 
 81                                   -6.469742             0.562175                      -5.907568 
 82                                   -6.469749             0.562172                      -5.907577 
 83                                   -6.469723             0.562130                      -5.907593 
 84                                   -6.469687             0.562075                      -5.907612 
 85                                   -6.469637             0.562004                      -5.907634 
 86                                   -6.469528             0.561879                      -5.907649 
 87                                   -6.469311             0.561641                      -5.907670 
 88                                   -6.468902             0.561210                      -5.907692 
 89                                   -6.468219             0.560510                      -5.907709 
 90                                   -6.467211             0.559486                      -5.907725 
 91                                   -6.465858             0.558121                      -5.907738 
 92                                   -6.464192             0.556451                      -5.907740 
 93                                   -6.462303             0.554566                      -5.907738 
 94                                   -6.460319             0.552592                      -5.907728 
 95                                   -6.458390             0.550674                      -5.907716 
 96                                   -6.456640             0.548939                      -5.907701 
 97                                   -6.455161             0.547471                      -5.907690 
 98                                   -6.453979             0.546295                      -5.907684 
 99                                   -6.453062             0.545384                      -5.907678 
 100                                  -6.452353             0.544678                      -5.907674 
 101                                  -6.451789             0.544123                      -5.907666 
 102                                  -6.451350             0.543690                      -5.907661 
 103                                  -6.451048             0.543395                      -5.907653 
 104                                  -6.450947             0.543302                      -5.907644 
 105                                  -6.451145             0.543510                      -5.907635 
 106                                  -6.451749             0.544127                      -5.907622 
 107                                  -6.452857             0.545248                      -5.907609 
 108                                  -6.454529             0.546933                      -5.907596 
 109                                  -6.456782             0.549190                      -5.907592 
 110                                  -6.459570             0.551981                      -5.907589 
 111                                  -6.462818             0.555225                      -5.907593 
 112                                  -6.466420             0.558814                      -5.907605 
 113                                  -6.470233             0.562614                      -5.907619 
 114                                  -6.474106             0.566472                      -5.907634 
 115                                  -6.477882             0.570229                      -5.907653 
 116                                  -6.481406             0.573727                      -5.907679 
 117                                  -6.484518             0.576821                      -5.907696 
 118                                  -6.487099             0.579395                      -5.907704 
 119                                  -6.489072             0.581363                      -5.907709 
 120                                  -6.490388             0.582675                      -5.907713 
 121                                  -6.491046             0.583322                      -5.907724 
 122                                  -6.491061             0.583326                      -5.907735 
 123                                  -6.490472             0.582734                      -5.907738 
 124                                  -6.489348             0.581609                      -5.907739 
 125                                  -6.487751             0.580016                      -5.907735 
 126                                  -6.485749             0.578022                      -5.907727 
 127                                  -6.483410             0.575694                      -5.907716 
 128                                  -6.480813             0.573109                      -5.907704 
 129                                  -6.478059             0.570366                      -5.907692 
 130                                  -6.475275             0.567585                      -5.907690 
 131                                  -6.472596             0.564907                      -5.907689 
 132                                  -6.470165             0.562478                      -5.907686 
 133                                  -6.468116             0.560434                      -5.907682 
 134                                  -6.466554             0.558872                      -5.907682 
 135                                  -6.465526             0.557845                      -5.907682 
 136                                  -6.465025             0.557348                      -5.907677 
 137                                  -6.465012             0.557341                      -5.907671 
 138                                  -6.465427             0.557767                      -5.907660 
 139                                  -6.466234             0.558578                      -5.907656 
 140                                  -6.467396             0.559751                      -5.907645 
 141                                  -6.468919             0.561285                      -5.907634 
 142                                  -6.470807             0.563180                      -5.907627 
 143                                  -6.473041             0.565412                      -5.907629 
 144                                  -6.475548             0.567911                      -5.907637 
 145                                  -6.478205             0.570558                      -5.907646 
 146                                  -6.480863             0.573204                      -5.907659 
 147                                  -6.483357             0.575686                      -5.907671 
 148                                  -6.485539             0.577848                      -5.907690 
 149                                  -6.487267             0.579560                      -5.907707 
 150                                  -6.488447             0.580728                      -5.907719 
 151                                  -6.489030             0.581306                      -5.907724 
 152                                  -6.489029             0.581304                      -5.907725 
 153                                  -6.488503             0.580789                      -5.907714 
 154                                  -6.487567             0.579877                      -5.907690 
 155                                  -6.486373             0.578705                      -5.907669 
 156                                  -6.485044             0.577399                      -5.907645 
 157                                  -6.483675             0.576045                      -5.907630 
 158                                  -6.482279             0.574667                      -5.907611 
 159                                  -6.480850             0.573248                      -5.907602 
 160                                  -6.479351             0.571757                      -5.907594 
 161                                  -6.477772             0.570193                      -5.907579 
 162                                  -6.476170             0.568603                      -5.907567 
 163                                  -6.474641             0.567091                      -5.907550 
 164                                  -6.473327             0.565795                      -5.907531 
 165                                  -6.472383             0.564869                      -5.907514 
 166                                  -6.471949             0.564449                      -5.907500 
 167                                  -6.472121             0.564633                      -5.907488 
 168                                  -6.472935             0.565449                      -5.907486 
 169                                  -6.474340             0.566845                      -5.907494 
 170                                  -6.476194             0.568686                      -5.907508 
 171                                  -6.478282             0.570761                      -5.907521 
 172                                  -6.480348             0.572814                      -5.907534 
 173                                  -6.482127             0.574582                      -5.907544 
 174                                  -6.483377             0.575829                      -5.907548 
 175                                  -6.483927             0.576379                      -5.907549 
 176                                  -6.483674             0.576134                      -5.907540 
 177                                  -6.482612             0.575087                      -5.907525 
 178                                  -6.480820             0.573313                      -5.907508 
 179                                  -6.478449             0.570959                      -5.907490 
 180                                  -6.475695             0.568225                      -5.907470 
 181                                  -6.472786             0.565334                      -5.907452 
 182                                  -6.469943             0.562510                      -5.907432 
 183                                  -6.467361             0.559947                      -5.907414 
 184                                  -6.465194             0.557792                      -5.907402 
 185                                  -6.463533             0.556140                      -5.907393 
 186                                  -6.462425             0.555040                      -5.907384 
 187                                  -6.461894             0.554514                      -5.907380 
 188                                  -6.461943             0.554571                      -5.907372 
 189                                  -6.462593             0.555229                      -5.907364 
 190                                  -6.463869             0.556515                      -5.907354 
 191                                  -6.465801             0.558459                      -5.907342 
 192                                  -6.468404             0.561076                      -5.907328 
 193                                  -6.471659             0.564342                      -5.907317 
 194                                  -6.475482             0.568177                      -5.907305 
 195                                  -6.479735             0.572435                      -5.907301 
 196                                  -6.484213             0.576914                      -5.907299 
 197                                  -6.488669             0.581378                      -5.907291 
 198                                  -6.492867             0.585587                      -5.907280 
 199                                  -6.496586             0.589327                      -5.907259 
 200                                  -6.499665             0.592430                      -5.907235 
 201                                  -6.501993             0.594792                      -5.907201 
 202                                  -6.503528             0.596368                      -5.907160 
 203                                  -6.504286             0.597169                      -5.907117 
 204                                  -6.504322             0.597249                      -5.907073 
 205                                  -6.503726             0.596691                      -5.907035 
 206                                  -6.502592             0.595598                      -5.906994 
 207                                  -6.501035             0.594078                      -5.906957 
 208                                  -6.499166             0.592241                      -5.906925 
 209                                  -6.497088             0.590187                      -5.906901 
 210                                  -6.494880             0.588002                      -5.906878 
 211                                  -6.492613             0.585762                      -5.906851 
 212                                  -6.490366             0.583536                      -5.906831 
 213                                  -6.488211             0.581397                      -5.906815 
 214                                  -6.486226             0.579424                      -5.906802 
 215                                  -6.484493             0.577698                      -5.906794 
 216                                  -6.483083             0.576292                      -5.906791 
 217                                  -6.482040             0.575254                      -5.906787 
 218                                  -6.481394             0.574605                      -5.906789 
 219                                  -6.481128             0.574334                      -5.906794 
 220                                  -6.481196             0.574399                      -5.906797 
 221                                  -6.481530             0.574730                      -5.906800 
 222                                  -6.482053             0.575237                      -5.906815 
 223                                  -6.482649             0.575816                      -5.906833 
 224                                  -6.483207             0.576354                      -5.906853 
 225                                  -6.483612             0.576746                      -5.906866 
 226                                  -6.483781             0.576909                      -5.906872 
 227                                  -6.483665             0.576795                      -5.906870 
 228                                  -6.483269             0.576400                      -5.906869 
 229                                  -6.482635             0.575765                      -5.906870 
 230                                  -6.481843             0.574969                      -5.906874 
 231                                  -6.480990             0.574111                      -5.906878 
 232                                  -6.480176             0.573294                      -5.906882 
 233                                  -6.479494             0.572608                      -5.906886 
 234                                  -6.479005             0.572113                      -5.906892 
 235                                  -6.478744             0.571843                      -5.906901 
 236                                  -6.478715             0.571802                      -5.906913 
 237                                  -6.478903             0.571976                      -5.906927 
 238                                  -6.479282             0.572343                      -5.906939 
 239                                  -6.479829             0.572878                      -5.906951 
 240                                  -6.480512             0.573558                      -5.906954 
 241                                  -6.481321             0.574360                      -5.906961 
 242                                  -6.482227             0.575257                      -5.906970 
 243                                  -6.483206             0.576221                      -5.906985 
 244                                  -6.484229             0.577222                      -5.907006 
 245                                  -6.485260             0.578234                      -5.907026 
 246                                  -6.486272             0.579234                      -5.907038 
 247                                  -6.487259             0.580215                      -5.907044 
 248                                  -6.488226             0.581180                      -5.907046 
 249                                  -6.489191             0.582146                      -5.907045 
 250                                  -6.490179             0.583131                      -5.907048 
 251                                  -6.491200             0.584146                      -5.907055 
 252                                  -6.492251             0.585190                      -5.907061 
 253                                  -6.493315             0.586247                      -5.907069 
 254                                  -6.494372             0.587293                      -5.907079 
 255                                  -6.495386             0.588300                      -5.907086 
 256                                  -6.496335             0.589238                      -5.907098 
 257                                  -6.497182             0.590075                      -5.907106 
 258                                  -6.497891             0.590776                      -5.907116 
 259                                  -6.498417             0.591298                      -5.907120 
 260                                  -6.498717             0.591600                      -5.907117 
 261                                  -6.498759             0.591652                      -5.907107 
 262                                  -6.498528             0.591441                      -5.907087 
 263                                  -6.498043             0.590979                      -5.907064 
 264                                  -6.497352             0.590307                      -5.907045 
 265                                  -6.496518             0.589491                      -5.907027 
 266                                  -6.495622             0.588613                      -5.907009 
 267                                  -6.494762             0.587763                      -5.906999 
 268                                  -6.494010             0.587022                      -5.906988 
 269                                  -6.493434             0.586451                      -5.906983 
 270                                  -6.493051             0.586074                      -5.906977 
 271                                  -6.492844             0.585869                      -5.906975 
 272                                  -6.492745             0.585768                      -5.906977 
 273                                  -6.492644             0.585663                      -5.906980 
 274                                  -6.492419             0.585429                      -5.906990 
 275                                  -6.491945             0.584949                      -5.906996 
 276                                  -6.491137             0.584140                      -5.906997 
 277                                  -6.489971             0.582980                      -5.906991 
 278                                  -6.488493             0.581515                      -5.906978 
 279                                  -6.486814             0.579855                      -5.906959 
 280                                  -6.485085             0.578153                      -5.906933 
 281                                  -6.483474             0.576566                      -5.906908 
 282                                  -6.482113             0.575225                      -5.906887 
 283                                  -6.481077             0.574199                      -5.906878 
 284                                  -6.480361             0.573489                      -5.906872 
 285                                  -6.479903             0.573030                      -5.906873 
 286                                  -6.479603             0.572718                      -5.906885 
 287                                  -6.479324             0.572433                      -5.906891 
 288                                  -6.478953             0.572062                      -5.906891 
 289                                  -6.478413             0.571524                      -5.906889 
 290                                  -6.477659             0.570778                      -5.906881 
 291                                  -6.476698             0.569832                      -5.906867 
 292                                  -6.475588             0.568744                      -5.906844 
 293                                  -6.474437             0.567611                      -5.906827 
 294                                  -6.473353             0.566543                      -5.906810 
 295                                  -6.472430             0.565631                      -5.906799 
 296                                  -6.471709             0.564912                      -5.906797 
 297                                  -6.471157             0.564358                      -5.906799 
 298                                  -6.470685             0.563887                      -5.906798 
 299                                  -6.470199             0.563406                      -5.906794 
 300                                  -6.469625             0.562843                      -5.906782 
 301                                  -6.468950             0.562181                      -5.906769 
 302                                  -6.468213             0.561462                      -5.906751 
 303                                  -6.467517             0.560782                      -5.906735 
 304                                  -6.466995             0.560271                      -5.906723 
 305                                  -6.466784             0.560074                      -5.906710 
 306                                  -6.467020             0.560317                      -5.906703 
 307                                  -6.467780             0.561080                      -5.906700 
 308                                  -6.469085             0.562381                      -5.906705 
 309                                  -6.470887             0.564170                      -5.906717 
 310                                  -6.473078             0.566349                      -5.906730 
 311                                  -6.475534             0.568788                      -5.906746 
 312                                  -6.478114             0.571348                      -5.906766 
 313                                  -6.480685             0.573893                      -5.906792 
 314                                  -6.483111             0.576298                      -5.906812 
 315                                  -6.485289             0.578458                      -5.906832 
 316                                  -6.487141             0.580294                      -5.906847 
 317                                  -6.488624             0.581764                      -5.906860 
 318                                  -6.489728             0.582864                      -5.906864 
 319                                  -6.490498             0.583628                      -5.906869 
 320                                  -6.490992             0.584122                      -5.906870 
 321                                  -6.491303             0.584432                      -5.906871 
 322                                  -6.491517             0.584648                      -5.906869 
 323                                  -6.491732             0.584847                      -5.906885 
 324                                  -6.491985             0.585086                      -5.906899 
 325                                  -6.492313             0.585398                      -5.906915 
 326                                  -6.492730             0.585795                      -5.906934 
 327                                  -6.493225             0.586271                      -5.906954 
 328                                  -6.493771             0.586794                      -5.906977 
 329                                  -6.494310             0.587309                      -5.907002 
 330                                  -6.494753             0.587728                      -5.907025 
 331                                  -6.494991             0.587946                      -5.907045 
 332                                  -6.494922             0.587851                      -5.907071 
 333                                  -6.494436             0.587345                      -5.907091 
 334                                  -6.493464             0.586359                      -5.907104 
 335                                  -6.491990             0.584868                      -5.907121 
 336                                  -6.490026             0.582895                      -5.907131 
 337                                  -6.487647             0.580508                      -5.907139 
 338                                  -6.484962             0.577818                      -5.907144 
 339                                  -6.482117             0.574967                      -5.907151 
 340                                  -6.479267             0.572118                      -5.907149 
 341                                  -6.476594             0.569447                      -5.907147 
 342                                  -6.474276             0.567129                      -5.907147 
 343                                  -6.472474             0.565323                      -5.907150 
 344                                  -6.471302             0.564154                      -5.907148 
 345                                  -6.470843             0.563688                      -5.907155 
 346                                  -6.471088             0.563925                      -5.907163 
 347                                  -6.471964             0.564794                      -5.907171 
 348                                  -6.473341             0.566164                      -5.907177 
 349                                  -6.475057             0.567873                      -5.907183 
 350                                  -6.476932             0.569745                      -5.907187 
 351                                  -6.478807             0.571619                      -5.907189 
 352                                  -6.480548             0.573363                      -5.907185 
 353                                  -6.482060             0.574889                      -5.907171 
 354                                  -6.483303             0.576154                      -5.907149 
 355                                  -6.484284             0.577163                      -5.907122 
 356                                  -6.485053             0.577957                      -5.907095 
 357                                  -6.485672             0.578605                      -5.907067 
 358                                  -6.486213             0.579178                      -5.907035 
 359                                  -6.486746             0.579740                      -5.907006 
 360                                  -6.487312             0.580331                      -5.906981 
 361                                  -6.487924             0.580963                      -5.906961 
 362                                  -6.488571             0.581624                      -5.906947 
 363                                  -6.489224             0.582286                      -5.906938 
 364                                  -6.489854             0.582918                      -5.906936 
 365                                  -6.490421             0.583492                      -5.906929 
 366                                  -6.490907             0.583987                      -5.906920 
 367                                  -6.491300             0.584390                      -5.906910 
 368                                  -6.491586             0.584688                      -5.906898 
 369                                  -6.491754             0.584866                      -5.906888 
 370                                  -6.491773             0.584897                      -5.906876 
 371                                  -6.491614             0.584747                      -5.906866 
 372                                  -6.491224             0.584372                      -5.906852 
 373                                  -6.490571             0.583727                      -5.906844 
 374                                  -6.489607             0.582776                      -5.906831 
 375                                  -6.488322             0.581510                      -5.906812 
 376                                  -6.486746             0.579959                      -5.906787 
 377                                  -6.484965             0.578203                      -5.906762 
 378                                  -6.483100             0.576369                      -5.906731 
 379                                  -6.481314             0.574615                      -5.906699 
 380                                  -6.479778             0.573110                      -5.906668 
 381                                  -6.478634             0.571997                      -5.906638 
 382                                  -6.477970             0.571365                      -5.906605 
 383                                  -6.477815             0.571236                      -5.906579 
 384                                  -6.478114             0.571561                      -5.906553 
 385                                  -6.478770             0.572241                      -5.906529 
 386                                  -6.479656             0.573148                      -5.906508 
 387                                  -6.480637             0.574152                      -5.906486 
 388                                  -6.481603             0.575137                      -5.906466 
 389                                  -6.482458             0.576012                      -5.906446 
 390                                  -6.483142             0.576715                      -5.906427 
 391                                  -6.483625             0.577215                      -5.906410 
 392                                  -6.483905             0.577508                      -5.906397 
 393                                  -6.483996             0.577611                      -5.906385 
 394                                  -6.483924             0.577553                      -5.906371 
 395                                  -6.483724             0.577371                      -5.906353 
 396                                  -6.483439             0.577106                      -5.906333 
 397                                  -6.483112             0.576800                      -5.906312 
 398                                  -6.482795             0.576500                      -5.906296 
 399                                  -6.482537             0.576256                      -5.906281 
 400                                  -6.482383             0.576120                      -5.906263 
 401                                  -6.482386             0.576134                      -5.906252 
 402                                  -6.482568             0.576317                      -5.906251 
 403                                  -6.482917             0.576658                      -5.906259 
 404                                  -6.483390             0.577109                      -5.906281 
 405                                  -6.483904             0.577593                      -5.906311 
 406                                  -6.484351             0.578009                      -5.906341 
 407                                  -6.484627             0.578252                      -5.906375 
 408                                  -6.484625             0.578222                      -5.906403 
 409                                  -6.484274             0.577840                      -5.906434 
 410                                  -6.483520             0.577057                      -5.906463 
 411                                  -6.482345             0.575859                      -5.906486 
 412                                  -6.480784             0.574271                      -5.906512 
 413                                  -6.478897             0.572362                      -5.906535 
 414                                  -6.476790             0.570240                      -5.906550 
 415                                  -6.474617             0.568048                      -5.906569 
 416                                  -6.472544             0.565957                      -5.906586 
 417                                  -6.470755             0.564148                      -5.906607 
 418                                  -6.469421             0.562794                      -5.906627 
 419                                  -6.468688             0.562044                      -5.906644 
 420                                  -6.468664             0.562002                      -5.906661 
 421                                  -6.469400             0.562717                      -5.906683 
 422                                  -6.470879             0.564168                      -5.906711 
 423                                  -6.472996             0.566262                      -5.906734 
 424                                  -6.475599             0.568846                      -5.906753 
 425                                  -6.478495             0.571726                      -5.906769 
 426                                  -6.481471             0.574688                      -5.906783 
 427                                  -6.484318             0.577527                      -5.906791 
 428                                  -6.486859             0.580062                      -5.906797 
 429                                  -6.488947             0.582148                      -5.906799 
 430                                  -6.490473             0.583675                      -5.906798 
 431                                  -6.491382             0.584580                      -5.906802 
 432                                  -6.491645             0.584850                      -5.906795 
 433                                  -6.491305             0.584527                      -5.906778 
 434                                  -6.490471             0.583717                      -5.906755 
 435                                  -6.489312             0.582583                      -5.906729 
 436                                  -6.488043             0.581335                      -5.906708 
 437                                  -6.486897             0.580211                      -5.906686 
 438                                  -6.486112             0.579446                      -5.906666 
 439                                  -6.485887             0.579239                      -5.906648 
 440                                  -6.486354             0.579725                      -5.906629 
 441                                  -6.487566             0.580949                      -5.906616 
 442                                  -6.489465             0.582856                      -5.906609 
 443                                  -6.491895             0.585294                      -5.906601 
 444                                  -6.494642             0.588041                      -5.906602 
 445                                  -6.497443             0.590830                      -5.906613 
 446                                  -6.500018             0.593393                      -5.906624 
 447                                  -6.502121             0.595489                      -5.906632 
 448                                  -6.503564             0.596926                      -5.906637 
 449                                  -6.504217             0.597575                      -5.906642 
 450                                  -6.504001             0.597363                      -5.906638 
 451                                  -6.502898             0.596274                      -5.906624 
 452                                  -6.500939             0.594331                      -5.906608 
 453                                  -6.498197             0.591598                      -5.906599 
 454                                  -6.494761             0.588172                      -5.906588 
 455                                  -6.490761             0.584188                      -5.906574 
 456                                  -6.486362             0.579810                      -5.906552 
 457                                  -6.481765             0.575238                      -5.906527 
 458                                  -6.477198             0.570691                      -5.906507 
 459                                  -6.472885             0.566397                      -5.906488 
 460                                  -6.469045             0.562573                      -5.906472 
 461                                  -6.465873             0.559411                      -5.906462 
 462                                  -6.463518             0.557054                      -5.906464 
 463                                  -6.462065             0.555584                      -5.906481 
 464                                  -6.461525             0.555015                      -5.906510 
 465                                  -6.461841             0.555288                      -5.906553 
 466                                  -6.462896             0.556290                      -5.906605 
 467                                  -6.464526             0.557865                      -5.906660 
 468                                  -6.466546             0.559835                      -5.906711 
 469                                  -6.468776             0.562020                      -5.906756 
 470                                  -6.471055             0.564255                      -5.906800 
 471                                  -6.473243             0.566406                      -5.906837 
 472                                  -6.475251             0.568380                      -5.906871 
 473                                  -6.477034             0.570130                      -5.906904 
 474                                  -6.478589             0.571655                      -5.906934 
 475                                  -6.479947             0.572988                      -5.906958 
 476                                  -6.481155             0.574183                      -5.906972 
 477                                  -6.482268             0.575288                      -5.906980 
 478                                  -6.483321             0.576334                      -5.906987 
 479                                  -6.484309             0.577316                      -5.906993 
 480                                  -6.485196             0.578195                      -5.907001 
 481                                  -6.485910             0.578904                      -5.907005 
 482                                  -6.486370             0.579369                      -5.907001 
 483                                  -6.486514             0.579521                      -5.906993 
 484                                  -6.486300             0.579319                      -5.906981 
 485                                  -6.485723             0.578752                      -5.906971 
 486                                  -6.484799             0.577840                      -5.906959 
 487                                  -6.483569             0.576624                      -5.906945 
 488                                  -6.482082             0.575155                      -5.906927 
 489                                  -6.480397             0.573487                      -5.906910 
 490                                  -6.478572             0.571667                      -5.906905 
 491                                  -6.476637             0.569742                      -5.906895 
 492                                  -6.474649             0.567760                      -5.906889 
 493                                  -6.472662             0.565777                      -5.906885 
 494                                  -6.470746             0.563868                      -5.906878 
 495                                  -6.468999             0.562127                      -5.906871 
 496                                  -6.467538             0.560667                      -5.906871 
 497                                  -6.466475             0.559606                      -5.906869 
 498                                  -6.465924             0.559055                      -5.906870 
 499                                  -6.465972             0.559100                      -5.906872 
 500                                  -6.466665             0.559789                      -5.906876 
