# Positions of the atoms in each direction in reduced units at the initial state for  Ar
 Atom                                      r(x)                 r(y)                 r(z) 
 1                                    -5.038789            -5.038789            -5.038789 
 2                                    -4.198990            -4.198990            -5.038789 
 3                                    -4.198990            -5.038789            -4.198990 
 4                                    -5.038789            -4.198990            -4.198990 
 5                                    -5.038789            -5.038789            -3.359192 
 6                                    -4.198990            -4.198990            -3.359192 
 7                                    -4.198990            -5.038789            -2.519394 
 8                                    -5.038789            -4.198990            -2.519394 
 9                                    -5.038789            -5.038789            -1.679596 
 10                                   -4.198990            -4.198990            -1.679596 
 11                                   -4.198990            -5.038789            -0.839798 
 12                                   -5.038789            -4.198990            -0.839798 
 13                                   -5.038789            -5.038789             0.000000 
 14                                   -4.198990            -4.198990             0.000000 
 15                                   -4.198990            -5.038789             0.839798 
 16                                   -5.038789            -4.198990             0.839798 
 17                                   -5.038789            -5.038789             1.679596 
 18                                   -4.198990            -4.198990             1.679596 
 19                                   -4.198990            -5.038789             2.519394 
 20                                   -5.038789            -4.198990             2.519394 
 21                                   -5.038789            -5.038789             3.359192 
 22                                   -4.198990            -4.198990             3.359192 
 23                                   -4.198990            -5.038789             4.198990 
 24                                   -5.038789            -4.198990             4.198990 
 25                                   -5.038789            -3.359192            -5.038789 
 26                                   -4.198990            -2.519394            -5.038789 
 27                                   -4.198990            -3.359192            -4.198990 
 28                                   -5.038789            -2.519394            -4.198990 
 29                                   -5.038789            -3.359192            -3.359192 
 30                                   -4.198990            -2.519394            -3.359192 
 31                                   -4.198990            -3.359192            -2.519394 
 32                                   -5.038789            -2.519394            -2.519394 
 33                                   -5.038789            -3.359192            -1.679596 
 34                                   -4.198990            -2.519394            -1.679596 
 35                                   -4.198990            -3.359192            -0.839798 
 36                                   -5.038789            -2.519394            -0.839798 
 37                                   -5.038789            -3.359192             0.000000 
 38                                   -4.198990            -2.519394             0.000000 
 39                                   -4.198990            -3.359192             0.839798 
 40                                   -5.038789            -2.519394             0.839798 
 41                                   -5.038789            -3.359192             1.679596 
 42                                   -4.198990            -2.519394             1.679596 
 43                                   -4.198990            -3.359192             2.519394 
 44                                   -5.038789            -2.519394             2.519394 
 45                                   -5.038789            -3.359192             3.359192 
 46                                   -4.198990            -2.519394             3.359192 
 47                                   -4.198990            -3.359192             4.198990 
 48                                   -5.038789            -2.519394             4.198990 
 49                                   -5.038789            -1.679596            -5.038789 
 50                                   -4.198990            -0.839798            -5.038789 
 51                                   -4.198990            -1.679596            -4.198990 
 52                                   -5.038789            -0.839798            -4.198990 
 53                                   -5.038789            -1.679596            -3.359192 
 54                                   -4.198990            -0.839798            -3.359192 
 55                                   -4.198990            -1.679596            -2.519394 
 56                                   -5.038789            -0.839798            -2.519394 
 57                                   -5.038789            -1.679596            -1.679596 
 58                                   -4.198990            -0.839798            -1.679596 
 59                                   -4.198990            -1.679596            -0.839798 
 60                                   -5.038789            -0.839798            -0.839798 
 61                                   -5.038789            -1.679596             0.000000 
 62                                   -4.198990            -0.839798             0.000000 
 63                                   -4.198990            -1.679596             0.839798 
 64                                   -5.038789            -0.839798             0.839798 
 65                                   -5.038789            -1.679596             1.679596 
 66                                   -4.198990            -0.839798             1.679596 
 67                                   -4.198990            -1.679596             2.519394 
 68                                   -5.038789            -0.839798             2.519394 
 69                                   -5.038789            -1.679596             3.359192 
 70                                   -4.198990            -0.839798             3.359192 
 71                                   -4.198990            -1.679596             4.198990 
 72                                   -5.038789            -0.839798             4.198990 
 73                                   -5.038789             0.000000            -5.038789 
 74                                   -4.198990             0.839798            -5.038789 
 75                                   -4.198990             0.000000            -4.198990 
 76                                   -5.038789             0.839798            -4.198990 
 77                                   -5.038789             0.000000            -3.359192 
 78                                   -4.198990             0.839798            -3.359192 
 79                                   -4.198990             0.000000            -2.519394 
 80                                   -5.038789             0.839798            -2.519394 
 81                                   -5.038789             0.000000            -1.679596 
 82                                   -4.198990             0.839798            -1.679596 
 83                                   -4.198990             0.000000            -0.839798 
 84                                   -5.038789             0.839798            -0.839798 
 85                                   -5.038789             0.000000             0.000000 
 86                                   -4.198990             0.839798             0.000000 
 87                                   -4.198990             0.000000             0.839798 
 88                                   -5.038789             0.839798             0.839798 
 89                                   -5.038789             0.000000             1.679596 
 90                                   -4.198990             0.839798             1.679596 
 91                                   -4.198990             0.000000             2.519394 
 92                                   -5.038789             0.839798             2.519394 
 93                                   -5.038789             0.000000             3.359192 
 94                                   -4.198990             0.839798             3.359192 
 95                                   -4.198990             0.000000             4.198990 
 96                                   -5.038789             0.839798             4.198990 
 97                                   -5.038789             1.679596            -5.038789 
 98                                   -4.198990             2.519394            -5.038789 
 99                                   -4.198990             1.679596            -4.198990 
 100                                  -5.038789             2.519394            -4.198990 
 101                                  -5.038789             1.679596            -3.359192 
 102                                  -4.198990             2.519394            -3.359192 
 103                                  -4.198990             1.679596            -2.519394 
 104                                  -5.038789             2.519394            -2.519394 
 105                                  -5.038789             1.679596            -1.679596 
 106                                  -4.198990             2.519394            -1.679596 
 107                                  -4.198990             1.679596            -0.839798 
 108                                  -5.038789             2.519394            -0.839798 
 109                                  -5.038789             1.679596             0.000000 
 110                                  -4.198990             2.519394             0.000000 
 111                                  -4.198990             1.679596             0.839798 
 112                                  -5.038789             2.519394             0.839798 
 113                                  -5.038789             1.679596             1.679596 
 114                                  -4.198990             2.519394             1.679596 
 115                                  -4.198990             1.679596             2.519394 
 116                                  -5.038789             2.519394             2.519394 
 117                                  -5.038789             1.679596             3.359192 
 118                                  -4.198990             2.519394             3.359192 
 119                                  -4.198990             1.679596             4.198990 
 120                                  -5.038789             2.519394             4.198990 
 121                                  -5.038789             3.359192            -5.038789 
 122                                  -4.198990             4.198990            -5.038789 
 123                                  -4.198990             3.359192            -4.198990 
 124                                  -5.038789             4.198990            -4.198990 
 125                                  -5.038789             3.359192            -3.359192 
 126                                  -4.198990             4.198990            -3.359192 
 127                                  -4.198990             3.359192            -2.519394 
 128                                  -5.038789             4.198990            -2.519394 
 129                                  -5.038789             3.359192            -1.679596 
 130                                  -4.198990             4.198990            -1.679596 
 131                                  -4.198990             3.359192            -0.839798 
 132                                  -5.038789             4.198990            -0.839798 
 133                                  -5.038789             3.359192             0.000000 
 134                                  -4.198990             4.198990             0.000000 
 135                                  -4.198990             3.359192             0.839798 
 136                                  -5.038789             4.198990             0.839798 
 137                                  -5.038789             3.359192             1.679596 
 138                                  -4.198990             4.198990             1.679596 
 139                                  -4.198990             3.359192             2.519394 
 140                                  -5.038789             4.198990             2.519394 
 141                                  -5.038789             3.359192             3.359192 
 142                                  -4.198990             4.198990             3.359192 
 143                                  -4.198990             3.359192             4.198990 
 144                                  -5.038789             4.198990             4.198990 
 145                                  -3.359192            -5.038789            -5.038789 
 146                                  -2.519394            -4.198990            -5.038789 
 147                                  -2.519394            -5.038789            -4.198990 
 148                                  -3.359192            -4.198990            -4.198990 
 149                                  -3.359192            -5.038789            -3.359192 
 150                                  -2.519394            -4.198990            -3.359192 
 151                                  -2.519394            -5.038789            -2.519394 
 152                                  -3.359192            -4.198990            -2.519394 
 153                                  -3.359192            -5.038789            -1.679596 
 154                                  -2.519394            -4.198990            -1.679596 
 155                                  -2.519394            -5.038789            -0.839798 
 156                                  -3.359192            -4.198990            -0.839798 
 157                                  -3.359192            -5.038789             0.000000 
 158                                  -2.519394            -4.198990             0.000000 
 159                                  -2.519394            -5.038789             0.839798 
 160                                  -3.359192            -4.198990             0.839798 
 161                                  -3.359192            -5.038789             1.679596 
 162                                  -2.519394            -4.198990             1.679596 
 163                                  -2.519394            -5.038789             2.519394 
 164                                  -3.359192            -4.198990             2.519394 
 165                                  -3.359192            -5.038789             3.359192 
 166                                  -2.519394            -4.198990             3.359192 
 167                                  -2.519394            -5.038789             4.198990 
 168                                  -3.359192            -4.198990             4.198990 
 169                                  -3.359192            -3.359192            -5.038789 
 170                                  -2.519394            -2.519394            -5.038789 
 171                                  -2.519394            -3.359192            -4.198990 
 172                                  -3.359192            -2.519394            -4.198990 
 173                                  -3.359192            -3.359192            -3.359192 
 174                                  -2.519394            -2.519394            -3.359192 
 175                                  -2.519394            -3.359192            -2.519394 
 176                                  -3.359192            -2.519394            -2.519394 
 177                                  -3.359192            -3.359192            -1.679596 
 178                                  -2.519394            -2.519394            -1.679596 
 179                                  -2.519394            -3.359192            -0.839798 
 180                                  -3.359192            -2.519394            -0.839798 
 181                                  -3.359192            -3.359192             0.000000 
 182                                  -2.519394            -2.519394             0.000000 
 183                                  -2.519394            -3.359192             0.839798 
 184                                  -3.359192            -2.519394             0.839798 
 185                                  -3.359192            -3.359192             1.679596 
 186                                  -2.519394            -2.519394             1.679596 
 187                                  -2.519394            -3.359192             2.519394 
 188                                  -3.359192            -2.519394             2.519394 
 189                                  -3.359192            -3.359192             3.359192 
 190                                  -2.519394            -2.519394             3.359192 
 191                                  -2.519394            -3.359192             4.198990 
 192                                  -3.359192            -2.519394             4.198990 
 193                                  -3.359192            -1.679596            -5.038789 
 194                                  -2.519394            -0.839798            -5.038789 
 195                                  -2.519394            -1.679596            -4.198990 
 196                                  -3.359192            -0.839798            -4.198990 
 197                                  -3.359192            -1.679596            -3.359192 
 198                                  -2.519394            -0.839798            -3.359192 
 199                                  -2.519394            -1.679596            -2.519394 
 200                                  -3.359192            -0.839798            -2.519394 
 201                                  -3.359192            -1.679596            -1.679596 
 202                                  -2.519394            -0.839798            -1.679596 
 203                                  -2.519394            -1.679596            -0.839798 
 204                                  -3.359192            -0.839798            -0.839798 
 205                                  -3.359192            -1.679596             0.000000 
 206                                  -2.519394            -0.839798             0.000000 
 207                                  -2.519394            -1.679596             0.839798 
 208                                  -3.359192            -0.839798             0.839798 
 209                                  -3.359192            -1.679596             1.679596 
 210                                  -2.519394            -0.839798             1.679596 
 211                                  -2.519394            -1.679596             2.519394 
 212                                  -3.359192            -0.839798             2.519394 
 213                                  -3.359192            -1.679596             3.359192 
 214                                  -2.519394            -0.839798             3.359192 
 215                                  -2.519394            -1.679596             4.198990 
 216                                  -3.359192            -0.839798             4.198990 
 217                                  -3.359192             0.000000            -5.038789 
 218                                  -2.519394             0.839798            -5.038789 
 219                                  -2.519394             0.000000            -4.198990 
 220                                  -3.359192             0.839798            -4.198990 
 221                                  -3.359192             0.000000            -3.359192 
 222                                  -2.519394             0.839798            -3.359192 
 223                                  -2.519394             0.000000            -2.519394 
 224                                  -3.359192             0.839798            -2.519394 
 225                                  -3.359192             0.000000            -1.679596 
 226                                  -2.519394             0.839798            -1.679596 
 227                                  -2.519394             0.000000            -0.839798 
 228                                  -3.359192             0.839798            -0.839798 
 229                                  -3.359192             0.000000             0.000000 
 230                                  -2.519394             0.839798             0.000000 
 231                                  -2.519394             0.000000             0.839798 
 232                                  -3.359192             0.839798             0.839798 
 233                                  -3.359192             0.000000             1.679596 
 234                                  -2.519394             0.839798             1.679596 
 235                                  -2.519394             0.000000             2.519394 
 236                                  -3.359192             0.839798             2.519394 
 237                                  -3.359192             0.000000             3.359192 
 238                                  -2.519394             0.839798             3.359192 
 239                                  -2.519394             0.000000             4.198990 
 240                                  -3.359192             0.839798             4.198990 
 241                                  -3.359192             1.679596            -5.038789 
 242                                  -2.519394             2.519394            -5.038789 
 243                                  -2.519394             1.679596            -4.198990 
 244                                  -3.359192             2.519394            -4.198990 
 245                                  -3.359192             1.679596            -3.359192 
 246                                  -2.519394             2.519394            -3.359192 
 247                                  -2.519394             1.679596            -2.519394 
 248                                  -3.359192             2.519394            -2.519394 
 249                                  -3.359192             1.679596            -1.679596 
 250                                  -2.519394             2.519394            -1.679596 
 251                                  -2.519394             1.679596            -0.839798 
 252                                  -3.359192             2.519394            -0.839798 
 253                                  -3.359192             1.679596             0.000000 
 254                                  -2.519394             2.519394             0.000000 
 255                                  -2.519394             1.679596             0.839798 
 256                                  -3.359192             2.519394             0.839798 
 257                                  -3.359192             1.679596             1.679596 
 258                                  -2.519394             2.519394             1.679596 
 259                                  -2.519394             1.679596             2.519394 
 260                                  -3.359192             2.519394             2.519394 
 261                                  -3.359192             1.679596             3.359192 
 262                                  -2.519394             2.519394             3.359192 
 263                                  -2.519394             1.679596             4.198990 
 264                                  -3.359192             2.519394             4.198990 
 265                                  -3.359192             3.359192            -5.038789 
 266                                  -2.519394             4.198990            -5.038789 
 267                                  -2.519394             3.359192            -4.198990 
 268                                  -3.359192             4.198990            -4.198990 
 269                                  -3.359192             3.359192            -3.359192 
 270                                  -2.519394             4.198990            -3.359192 
 271                                  -2.519394             3.359192            -2.519394 
 272                                  -3.359192             4.198990            -2.519394 
 273                                  -3.359192             3.359192            -1.679596 
 274                                  -2.519394             4.198990            -1.679596 
 275                                  -2.519394             3.359192            -0.839798 
 276                                  -3.359192             4.198990            -0.839798 
 277                                  -3.359192             3.359192             0.000000 
 278                                  -2.519394             4.198990             0.000000 
 279                                  -2.519394             3.359192             0.839798 
 280                                  -3.359192             4.198990             0.839798 
 281                                  -3.359192             3.359192             1.679596 
 282                                  -2.519394             4.198990             1.679596 
 283                                  -2.519394             3.359192             2.519394 
 284                                  -3.359192             4.198990             2.519394 
 285                                  -3.359192             3.359192             3.359192 
 286                                  -2.519394             4.198990             3.359192 
 287                                  -2.519394             3.359192             4.198990 
 288                                  -3.359192             4.198990             4.198990 
 289                                  -1.679596            -5.038789            -5.038789 
 290                                  -0.839798            -4.198990            -5.038789 
 291                                  -0.839798            -5.038789            -4.198990 
 292                                  -1.679596            -4.198990            -4.198990 
 293                                  -1.679596            -5.038789            -3.359192 
 294                                  -0.839798            -4.198990            -3.359192 
 295                                  -0.839798            -5.038789            -2.519394 
 296                                  -1.679596            -4.198990            -2.519394 
 297                                  -1.679596            -5.038789            -1.679596 
 298                                  -0.839798            -4.198990            -1.679596 
 299                                  -0.839798            -5.038789            -0.839798 
 300                                  -1.679596            -4.198990            -0.839798 
 301                                  -1.679596            -5.038789             0.000000 
 302                                  -0.839798            -4.198990             0.000000 
 303                                  -0.839798            -5.038789             0.839798 
 304                                  -1.679596            -4.198990             0.839798 
 305                                  -1.679596            -5.038789             1.679596 
 306                                  -0.839798            -4.198990             1.679596 
 307                                  -0.839798            -5.038789             2.519394 
 308                                  -1.679596            -4.198990             2.519394 
 309                                  -1.679596            -5.038789             3.359192 
 310                                  -0.839798            -4.198990             3.359192 
 311                                  -0.839798            -5.038789             4.198990 
 312                                  -1.679596            -4.198990             4.198990 
 313                                  -1.679596            -3.359192            -5.038789 
 314                                  -0.839798            -2.519394            -5.038789 
 315                                  -0.839798            -3.359192            -4.198990 
 316                                  -1.679596            -2.519394            -4.198990 
 317                                  -1.679596            -3.359192            -3.359192 
 318                                  -0.839798            -2.519394            -3.359192 
 319                                  -0.839798            -3.359192            -2.519394 
 320                                  -1.679596            -2.519394            -2.519394 
 321                                  -1.679596            -3.359192            -1.679596 
 322                                  -0.839798            -2.519394            -1.679596 
 323                                  -0.839798            -3.359192            -0.839798 
 324                                  -1.679596            -2.519394            -0.839798 
 325                                  -1.679596            -3.359192             0.000000 
 326                                  -0.839798            -2.519394             0.000000 
 327                                  -0.839798            -3.359192             0.839798 
 328                                  -1.679596            -2.519394             0.839798 
 329                                  -1.679596            -3.359192             1.679596 
 330                                  -0.839798            -2.519394             1.679596 
 331                                  -0.839798            -3.359192             2.519394 
 332                                  -1.679596            -2.519394             2.519394 
 333                                  -1.679596            -3.359192             3.359192 
 334                                  -0.839798            -2.519394             3.359192 
 335                                  -0.839798            -3.359192             4.198990 
 336                                  -1.679596            -2.519394             4.198990 
 337                                  -1.679596            -1.679596            -5.038789 
 338                                  -0.839798            -0.839798            -5.038789 
 339                                  -0.839798            -1.679596            -4.198990 
 340                                  -1.679596            -0.839798            -4.198990 
 341                                  -1.679596            -1.679596            -3.359192 
 342                                  -0.839798            -0.839798            -3.359192 
 343                                  -0.839798            -1.679596            -2.519394 
 344                                  -1.679596            -0.839798            -2.519394 
 345                                  -1.679596            -1.679596            -1.679596 
 346                                  -0.839798            -0.839798            -1.679596 
 347                                  -0.839798            -1.679596            -0.839798 
 348                                  -1.679596            -0.839798            -0.839798 
 349                                  -1.679596            -1.679596             0.000000 
 350                                  -0.839798            -0.839798             0.000000 
 351                                  -0.839798            -1.679596             0.839798 
 352                                  -1.679596            -0.839798             0.839798 
 353                                  -1.679596            -1.679596             1.679596 
 354                                  -0.839798            -0.839798             1.679596 
 355                                  -0.839798            -1.679596             2.519394 
 356                                  -1.679596            -0.839798             2.519394 
 357                                  -1.679596            -1.679596             3.359192 
 358                                  -0.839798            -0.839798             3.359192 
 359                                  -0.839798            -1.679596             4.198990 
 360                                  -1.679596            -0.839798             4.198990 
 361                                  -1.679596             0.000000            -5.038789 
 362                                  -0.839798             0.839798            -5.038789 
 363                                  -0.839798             0.000000            -4.198990 
 364                                  -1.679596             0.839798            -4.198990 
 365                                  -1.679596             0.000000            -3.359192 
 366                                  -0.839798             0.839798            -3.359192 
 367                                  -0.839798             0.000000            -2.519394 
 368                                  -1.679596             0.839798            -2.519394 
 369                                  -1.679596             0.000000            -1.679596 
 370                                  -0.839798             0.839798            -1.679596 
 371                                  -0.839798             0.000000            -0.839798 
 372                                  -1.679596             0.839798            -0.839798 
 373                                  -1.679596             0.000000             0.000000 
 374                                  -0.839798             0.839798             0.000000 
 375                                  -0.839798             0.000000             0.839798 
 376                                  -1.679596             0.839798             0.839798 
 377                                  -1.679596             0.000000             1.679596 
 378                                  -0.839798             0.839798             1.679596 
 379                                  -0.839798             0.000000             2.519394 
 380                                  -1.679596             0.839798             2.519394 
 381                                  -1.679596             0.000000             3.359192 
 382                                  -0.839798             0.839798             3.359192 
 383                                  -0.839798             0.000000             4.198990 
 384                                  -1.679596             0.839798             4.198990 
 385                                  -1.679596             1.679596            -5.038789 
 386                                  -0.839798             2.519394            -5.038789 
 387                                  -0.839798             1.679596            -4.198990 
 388                                  -1.679596             2.519394            -4.198990 
 389                                  -1.679596             1.679596            -3.359192 
 390                                  -0.839798             2.519394            -3.359192 
 391                                  -0.839798             1.679596            -2.519394 
 392                                  -1.679596             2.519394            -2.519394 
 393                                  -1.679596             1.679596            -1.679596 
 394                                  -0.839798             2.519394            -1.679596 
 395                                  -0.839798             1.679596            -0.839798 
 396                                  -1.679596             2.519394            -0.839798 
 397                                  -1.679596             1.679596             0.000000 
 398                                  -0.839798             2.519394             0.000000 
 399                                  -0.839798             1.679596             0.839798 
 400                                  -1.679596             2.519394             0.839798 
 401                                  -1.679596             1.679596             1.679596 
 402                                  -0.839798             2.519394             1.679596 
 403                                  -0.839798             1.679596             2.519394 
 404                                  -1.679596             2.519394             2.519394 
 405                                  -1.679596             1.679596             3.359192 
 406                                  -0.839798             2.519394             3.359192 
 407                                  -0.839798             1.679596             4.198990 
 408                                  -1.679596             2.519394             4.198990 
 409                                  -1.679596             3.359192            -5.038789 
 410                                  -0.839798             4.198990            -5.038789 
 411                                  -0.839798             3.359192            -4.198990 
 412                                  -1.679596             4.198990            -4.198990 
 413                                  -1.679596             3.359192            -3.359192 
 414                                  -0.839798             4.198990            -3.359192 
 415                                  -0.839798             3.359192            -2.519394 
 416                                  -1.679596             4.198990            -2.519394 
 417                                  -1.679596             3.359192            -1.679596 
 418                                  -0.839798             4.198990            -1.679596 
 419                                  -0.839798             3.359192            -0.839798 
 420                                  -1.679596             4.198990            -0.839798 
 421                                  -1.679596             3.359192             0.000000 
 422                                  -0.839798             4.198990             0.000000 
 423                                  -0.839798             3.359192             0.839798 
 424                                  -1.679596             4.198990             0.839798 
 425                                  -1.679596             3.359192             1.679596 
 426                                  -0.839798             4.198990             1.679596 
 427                                  -0.839798             3.359192             2.519394 
 428                                  -1.679596             4.198990             2.519394 
 429                                  -1.679596             3.359192             3.359192 
 430                                  -0.839798             4.198990             3.359192 
 431                                  -0.839798             3.359192             4.198990 
 432                                  -1.679596             4.198990             4.198990 
 433                                   0.000000            -5.038789            -5.038789 
 434                                   0.839798            -4.198990            -5.038789 
 435                                   0.839798            -5.038789            -4.198990 
 436                                   0.000000            -4.198990            -4.198990 
 437                                   0.000000            -5.038789            -3.359192 
 438                                   0.839798            -4.198990            -3.359192 
 439                                   0.839798            -5.038789            -2.519394 
 440                                   0.000000            -4.198990            -2.519394 
 441                                   0.000000            -5.038789            -1.679596 
 442                                   0.839798            -4.198990            -1.679596 
 443                                   0.839798            -5.038789            -0.839798 
 444                                   0.000000            -4.198990            -0.839798 
 445                                   0.000000            -5.038789             0.000000 
 446                                   0.839798            -4.198990             0.000000 
 447                                   0.839798            -5.038789             0.839798 
 448                                   0.000000            -4.198990             0.839798 
 449                                   0.000000            -5.038789             1.679596 
 450                                   0.839798            -4.198990             1.679596 
 451                                   0.839798            -5.038789             2.519394 
 452                                   0.000000            -4.198990             2.519394 
 453                                   0.000000            -5.038789             3.359192 
 454                                   0.839798            -4.198990             3.359192 
 455                                   0.839798            -5.038789             4.198990 
 456                                   0.000000            -4.198990             4.198990 
 457                                   0.000000            -3.359192            -5.038789 
 458                                   0.839798            -2.519394            -5.038789 
 459                                   0.839798            -3.359192            -4.198990 
 460                                   0.000000            -2.519394            -4.198990 
 461                                   0.000000            -3.359192            -3.359192 
 462                                   0.839798            -2.519394            -3.359192 
 463                                   0.839798            -3.359192            -2.519394 
 464                                   0.000000            -2.519394            -2.519394 
 465                                   0.000000            -3.359192            -1.679596 
 466                                   0.839798            -2.519394            -1.679596 
 467                                   0.839798            -3.359192            -0.839798 
 468                                   0.000000            -2.519394            -0.839798 
 469                                   0.000000            -3.359192             0.000000 
 470                                   0.839798            -2.519394             0.000000 
 471                                   0.839798            -3.359192             0.839798 
 472                                   0.000000            -2.519394             0.839798 
 473                                   0.000000            -3.359192             1.679596 
 474                                   0.839798            -2.519394             1.679596 
 475                                   0.839798            -3.359192             2.519394 
 476                                   0.000000            -2.519394             2.519394 
 477                                   0.000000            -3.359192             3.359192 
 478                                   0.839798            -2.519394             3.359192 
 479                                   0.839798            -3.359192             4.198990 
 480                                   0.000000            -2.519394             4.198990 
 481                                   0.000000            -1.679596            -5.038789 
 482                                   0.839798            -0.839798            -5.038789 
 483                                   0.839798            -1.679596            -4.198990 
 484                                   0.000000            -0.839798            -4.198990 
 485                                   0.000000            -1.679596            -3.359192 
 486                                   0.839798            -0.839798            -3.359192 
 487                                   0.839798            -1.679596            -2.519394 
 488                                   0.000000            -0.839798            -2.519394 
 489                                   0.000000            -1.679596            -1.679596 
 490                                   0.839798            -0.839798            -1.679596 
 491                                   0.839798            -1.679596            -0.839798 
 492                                   0.000000            -0.839798            -0.839798 
 493                                   0.000000            -1.679596             0.000000 
 494                                   0.839798            -0.839798             0.000000 
 495                                   0.839798            -1.679596             0.839798 
 496                                   0.000000            -0.839798             0.839798 
 497                                   0.000000            -1.679596             1.679596 
 498                                   0.839798            -0.839798             1.679596 
 499                                   0.839798            -1.679596             2.519394 
 500                                   0.000000            -0.839798             2.519394 
 501                                   0.000000            -1.679596             3.359192 
 502                                   0.839798            -0.839798             3.359192 
 503                                   0.839798            -1.679596             4.198990 
 504                                   0.000000            -0.839798             4.198990 
 505                                   0.000000             0.000000            -5.038789 
 506                                   0.839798             0.839798            -5.038789 
 507                                   0.839798             0.000000            -4.198990 
 508                                   0.000000             0.839798            -4.198990 
 509                                   0.000000             0.000000            -3.359192 
 510                                   0.839798             0.839798            -3.359192 
 511                                   0.839798             0.000000            -2.519394 
 512                                   0.000000             0.839798            -2.519394 
 513                                   0.000000             0.000000            -1.679596 
 514                                   0.839798             0.839798            -1.679596 
 515                                   0.839798             0.000000            -0.839798 
 516                                   0.000000             0.839798            -0.839798 
 517                                   0.000000             0.000000             0.000000 
 518                                   0.839798             0.839798             0.000000 
 519                                   0.839798             0.000000             0.839798 
 520                                   0.000000             0.839798             0.839798 
 521                                   0.000000             0.000000             1.679596 
 522                                   0.839798             0.839798             1.679596 
 523                                   0.839798             0.000000             2.519394 
 524                                   0.000000             0.839798             2.519394 
 525                                   0.000000             0.000000             3.359192 
 526                                   0.839798             0.839798             3.359192 
 527                                   0.839798             0.000000             4.198990 
 528                                   0.000000             0.839798             4.198990 
 529                                   0.000000             1.679596            -5.038789 
 530                                   0.839798             2.519394            -5.038789 
 531                                   0.839798             1.679596            -4.198990 
 532                                   0.000000             2.519394            -4.198990 
 533                                   0.000000             1.679596            -3.359192 
 534                                   0.839798             2.519394            -3.359192 
 535                                   0.839798             1.679596            -2.519394 
 536                                   0.000000             2.519394            -2.519394 
 537                                   0.000000             1.679596            -1.679596 
 538                                   0.839798             2.519394            -1.679596 
 539                                   0.839798             1.679596            -0.839798 
 540                                   0.000000             2.519394            -0.839798 
 541                                   0.000000             1.679596             0.000000 
 542                                   0.839798             2.519394             0.000000 
 543                                   0.839798             1.679596             0.839798 
 544                                   0.000000             2.519394             0.839798 
 545                                   0.000000             1.679596             1.679596 
 546                                   0.839798             2.519394             1.679596 
 547                                   0.839798             1.679596             2.519394 
 548                                   0.000000             2.519394             2.519394 
 549                                   0.000000             1.679596             3.359192 
 550                                   0.839798             2.519394             3.359192 
 551                                   0.839798             1.679596             4.198990 
 552                                   0.000000             2.519394             4.198990 
 553                                   0.000000             3.359192            -5.038789 
 554                                   0.839798             4.198990            -5.038789 
 555                                   0.839798             3.359192            -4.198990 
 556                                   0.000000             4.198990            -4.198990 
 557                                   0.000000             3.359192            -3.359192 
 558                                   0.839798             4.198990            -3.359192 
 559                                   0.839798             3.359192            -2.519394 
 560                                   0.000000             4.198990            -2.519394 
 561                                   0.000000             3.359192            -1.679596 
 562                                   0.839798             4.198990            -1.679596 
 563                                   0.839798             3.359192            -0.839798 
 564                                   0.000000             4.198990            -0.839798 
 565                                   0.000000             3.359192             0.000000 
 566                                   0.839798             4.198990             0.000000 
 567                                   0.839798             3.359192             0.839798 
 568                                   0.000000             4.198990             0.839798 
 569                                   0.000000             3.359192             1.679596 
 570                                   0.839798             4.198990             1.679596 
 571                                   0.839798             3.359192             2.519394 
 572                                   0.000000             4.198990             2.519394 
 573                                   0.000000             3.359192             3.359192 
 574                                   0.839798             4.198990             3.359192 
 575                                   0.839798             3.359192             4.198990 
 576                                   0.000000             4.198990             4.198990 
 577                                   1.679596            -5.038789            -5.038789 
 578                                   2.519394            -4.198990            -5.038789 
 579                                   2.519394            -5.038789            -4.198990 
 580                                   1.679596            -4.198990            -4.198990 
 581                                   1.679596            -5.038789            -3.359192 
 582                                   2.519394            -4.198990            -3.359192 
 583                                   2.519394            -5.038789            -2.519394 
 584                                   1.679596            -4.198990            -2.519394 
 585                                   1.679596            -5.038789            -1.679596 
 586                                   2.519394            -4.198990            -1.679596 
 587                                   2.519394            -5.038789            -0.839798 
 588                                   1.679596            -4.198990            -0.839798 
 589                                   1.679596            -5.038789             0.000000 
 590                                   2.519394            -4.198990             0.000000 
 591                                   2.519394            -5.038789             0.839798 
 592                                   1.679596            -4.198990             0.839798 
 593                                   1.679596            -5.038789             1.679596 
 594                                   2.519394            -4.198990             1.679596 
 595                                   2.519394            -5.038789             2.519394 
 596                                   1.679596            -4.198990             2.519394 
 597                                   1.679596            -5.038789             3.359192 
 598                                   2.519394            -4.198990             3.359192 
 599                                   2.519394            -5.038789             4.198990 
 600                                   1.679596            -4.198990             4.198990 
 601                                   1.679596            -3.359192            -5.038789 
 602                                   2.519394            -2.519394            -5.038789 
 603                                   2.519394            -3.359192            -4.198990 
 604                                   1.679596            -2.519394            -4.198990 
 605                                   1.679596            -3.359192            -3.359192 
 606                                   2.519394            -2.519394            -3.359192 
 607                                   2.519394            -3.359192            -2.519394 
 608                                   1.679596            -2.519394            -2.519394 
 609                                   1.679596            -3.359192            -1.679596 
 610                                   2.519394            -2.519394            -1.679596 
 611                                   2.519394            -3.359192            -0.839798 
 612                                   1.679596            -2.519394            -0.839798 
 613                                   1.679596            -3.359192             0.000000 
 614                                   2.519394            -2.519394             0.000000 
 615                                   2.519394            -3.359192             0.839798 
 616                                   1.679596            -2.519394             0.839798 
 617                                   1.679596            -3.359192             1.679596 
 618                                   2.519394            -2.519394             1.679596 
 619                                   2.519394            -3.359192             2.519394 
 620                                   1.679596            -2.519394             2.519394 
 621                                   1.679596            -3.359192             3.359192 
 622                                   2.519394            -2.519394             3.359192 
 623                                   2.519394            -3.359192             4.198990 
 624                                   1.679596            -2.519394             4.198990 
 625                                   1.679596            -1.679596            -5.038789 
 626                                   2.519394            -0.839798            -5.038789 
 627                                   2.519394            -1.679596            -4.198990 
 628                                   1.679596            -0.839798            -4.198990 
 629                                   1.679596            -1.679596            -3.359192 
 630                                   2.519394            -0.839798            -3.359192 
 631                                   2.519394            -1.679596            -2.519394 
 632                                   1.679596            -0.839798            -2.519394 
 633                                   1.679596            -1.679596            -1.679596 
 634                                   2.519394            -0.839798            -1.679596 
 635                                   2.519394            -1.679596            -0.839798 
 636                                   1.679596            -0.839798            -0.839798 
 637                                   1.679596            -1.679596             0.000000 
 638                                   2.519394            -0.839798             0.000000 
 639                                   2.519394            -1.679596             0.839798 
 640                                   1.679596            -0.839798             0.839798 
 641                                   1.679596            -1.679596             1.679596 
 642                                   2.519394            -0.839798             1.679596 
 643                                   2.519394            -1.679596             2.519394 
 644                                   1.679596            -0.839798             2.519394 
 645                                   1.679596            -1.679596             3.359192 
 646                                   2.519394            -0.839798             3.359192 
 647                                   2.519394            -1.679596             4.198990 
 648                                   1.679596            -0.839798             4.198990 
 649                                   1.679596             0.000000            -5.038789 
 650                                   2.519394             0.839798            -5.038789 
 651                                   2.519394             0.000000            -4.198990 
 652                                   1.679596             0.839798            -4.198990 
 653                                   1.679596             0.000000            -3.359192 
 654                                   2.519394             0.839798            -3.359192 
 655                                   2.519394             0.000000            -2.519394 
 656                                   1.679596             0.839798            -2.519394 
 657                                   1.679596             0.000000            -1.679596 
 658                                   2.519394             0.839798            -1.679596 
 659                                   2.519394             0.000000            -0.839798 
 660                                   1.679596             0.839798            -0.839798 
 661                                   1.679596             0.000000             0.000000 
 662                                   2.519394             0.839798             0.000000 
 663                                   2.519394             0.000000             0.839798 
 664                                   1.679596             0.839798             0.839798 
 665                                   1.679596             0.000000             1.679596 
 666                                   2.519394             0.839798             1.679596 
 667                                   2.519394             0.000000             2.519394 
 668                                   1.679596             0.839798             2.519394 
 669                                   1.679596             0.000000             3.359192 
 670                                   2.519394             0.839798             3.359192 
 671                                   2.519394             0.000000             4.198990 
 672                                   1.679596             0.839798             4.198990 
 673                                   1.679596             1.679596            -5.038789 
 674                                   2.519394             2.519394            -5.038789 
 675                                   2.519394             1.679596            -4.198990 
 676                                   1.679596             2.519394            -4.198990 
 677                                   1.679596             1.679596            -3.359192 
 678                                   2.519394             2.519394            -3.359192 
 679                                   2.519394             1.679596            -2.519394 
 680                                   1.679596             2.519394            -2.519394 
 681                                   1.679596             1.679596            -1.679596 
 682                                   2.519394             2.519394            -1.679596 
 683                                   2.519394             1.679596            -0.839798 
 684                                   1.679596             2.519394            -0.839798 
 685                                   1.679596             1.679596             0.000000 
 686                                   2.519394             2.519394             0.000000 
 687                                   2.519394             1.679596             0.839798 
 688                                   1.679596             2.519394             0.839798 
 689                                   1.679596             1.679596             1.679596 
 690                                   2.519394             2.519394             1.679596 
 691                                   2.519394             1.679596             2.519394 
 692                                   1.679596             2.519394             2.519394 
 693                                   1.679596             1.679596             3.359192 
 694                                   2.519394             2.519394             3.359192 
 695                                   2.519394             1.679596             4.198990 
 696                                   1.679596             2.519394             4.198990 
 697                                   1.679596             3.359192            -5.038789 
 698                                   2.519394             4.198990            -5.038789 
 699                                   2.519394             3.359192            -4.198990 
 700                                   1.679596             4.198990            -4.198990 
 701                                   1.679596             3.359192            -3.359192 
 702                                   2.519394             4.198990            -3.359192 
 703                                   2.519394             3.359192            -2.519394 
 704                                   1.679596             4.198990            -2.519394 
 705                                   1.679596             3.359192            -1.679596 
 706                                   2.519394             4.198990            -1.679596 
 707                                   2.519394             3.359192            -0.839798 
 708                                   1.679596             4.198990            -0.839798 
 709                                   1.679596             3.359192             0.000000 
 710                                   2.519394             4.198990             0.000000 
 711                                   2.519394             3.359192             0.839798 
 712                                   1.679596             4.198990             0.839798 
 713                                   1.679596             3.359192             1.679596 
 714                                   2.519394             4.198990             1.679596 
 715                                   2.519394             3.359192             2.519394 
 716                                   1.679596             4.198990             2.519394 
 717                                   1.679596             3.359192             3.359192 
 718                                   2.519394             4.198990             3.359192 
 719                                   2.519394             3.359192             4.198990 
 720                                   1.679596             4.198990             4.198990 
 721                                   3.359192            -5.038789            -5.038789 
 722                                   4.198990            -4.198990            -5.038789 
 723                                   4.198990            -5.038789            -4.198990 
 724                                   3.359192            -4.198990            -4.198990 
 725                                   3.359192            -5.038789            -3.359192 
 726                                   4.198990            -4.198990            -3.359192 
 727                                   4.198990            -5.038789            -2.519394 
 728                                   3.359192            -4.198990            -2.519394 
 729                                   3.359192            -5.038789            -1.679596 
 730                                   4.198990            -4.198990            -1.679596 
 731                                   4.198990            -5.038789            -0.839798 
 732                                   3.359192            -4.198990            -0.839798 
 733                                   3.359192            -5.038789             0.000000 
 734                                   4.198990            -4.198990             0.000000 
 735                                   4.198990            -5.038789             0.839798 
 736                                   3.359192            -4.198990             0.839798 
 737                                   3.359192            -5.038789             1.679596 
 738                                   4.198990            -4.198990             1.679596 
 739                                   4.198990            -5.038789             2.519394 
 740                                   3.359192            -4.198990             2.519394 
 741                                   3.359192            -5.038789             3.359192 
 742                                   4.198990            -4.198990             3.359192 
 743                                   4.198990            -5.038789             4.198990 
 744                                   3.359192            -4.198990             4.198990 
 745                                   3.359192            -3.359192            -5.038789 
 746                                   4.198990            -2.519394            -5.038789 
 747                                   4.198990            -3.359192            -4.198990 
 748                                   3.359192            -2.519394            -4.198990 
 749                                   3.359192            -3.359192            -3.359192 
 750                                   4.198990            -2.519394            -3.359192 
 751                                   4.198990            -3.359192            -2.519394 
 752                                   3.359192            -2.519394            -2.519394 
 753                                   3.359192            -3.359192            -1.679596 
 754                                   4.198990            -2.519394            -1.679596 
 755                                   4.198990            -3.359192            -0.839798 
 756                                   3.359192            -2.519394            -0.839798 
 757                                   3.359192            -3.359192             0.000000 
 758                                   4.198990            -2.519394             0.000000 
 759                                   4.198990            -3.359192             0.839798 
 760                                   3.359192            -2.519394             0.839798 
 761                                   3.359192            -3.359192             1.679596 
 762                                   4.198990            -2.519394             1.679596 
 763                                   4.198990            -3.359192             2.519394 
 764                                   3.359192            -2.519394             2.519394 
 765                                   3.359192            -3.359192             3.359192 
 766                                   4.198990            -2.519394             3.359192 
 767                                   4.198990            -3.359192             4.198990 
 768                                   3.359192            -2.519394             4.198990 
 769                                   3.359192            -1.679596            -5.038789 
 770                                   4.198990            -0.839798            -5.038789 
 771                                   4.198990            -1.679596            -4.198990 
 772                                   3.359192            -0.839798            -4.198990 
 773                                   3.359192            -1.679596            -3.359192 
 774                                   4.198990            -0.839798            -3.359192 
 775                                   4.198990            -1.679596            -2.519394 
 776                                   3.359192            -0.839798            -2.519394 
 777                                   3.359192            -1.679596            -1.679596 
 778                                   4.198990            -0.839798            -1.679596 
 779                                   4.198990            -1.679596            -0.839798 
 780                                   3.359192            -0.839798            -0.839798 
 781                                   3.359192            -1.679596             0.000000 
 782                                   4.198990            -0.839798             0.000000 
 783                                   4.198990            -1.679596             0.839798 
 784                                   3.359192            -0.839798             0.839798 
 785                                   3.359192            -1.679596             1.679596 
 786                                   4.198990            -0.839798             1.679596 
 787                                   4.198990            -1.679596             2.519394 
 788                                   3.359192            -0.839798             2.519394 
 789                                   3.359192            -1.679596             3.359192 
 790                                   4.198990            -0.839798             3.359192 
 791                                   4.198990            -1.679596             4.198990 
 792                                   3.359192            -0.839798             4.198990 
 793                                   3.359192             0.000000            -5.038789 
 794                                   4.198990             0.839798            -5.038789 
 795                                   4.198990             0.000000            -4.198990 
 796                                   3.359192             0.839798            -4.198990 
 797                                   3.359192             0.000000            -3.359192 
 798                                   4.198990             0.839798            -3.359192 
 799                                   4.198990             0.000000            -2.519394 
 800                                   3.359192             0.839798            -2.519394 
 801                                   3.359192             0.000000            -1.679596 
 802                                   4.198990             0.839798            -1.679596 
 803                                   4.198990             0.000000            -0.839798 
 804                                   3.359192             0.839798            -0.839798 
 805                                   3.359192             0.000000             0.000000 
 806                                   4.198990             0.839798             0.000000 
 807                                   4.198990             0.000000             0.839798 
 808                                   3.359192             0.839798             0.839798 
 809                                   3.359192             0.000000             1.679596 
 810                                   4.198990             0.839798             1.679596 
 811                                   4.198990             0.000000             2.519394 
 812                                   3.359192             0.839798             2.519394 
 813                                   3.359192             0.000000             3.359192 
 814                                   4.198990             0.839798             3.359192 
 815                                   4.198990             0.000000             4.198990 
 816                                   3.359192             0.839798             4.198990 
 817                                   3.359192             1.679596            -5.038789 
 818                                   4.198990             2.519394            -5.038789 
 819                                   4.198990             1.679596            -4.198990 
 820                                   3.359192             2.519394            -4.198990 
 821                                   3.359192             1.679596            -3.359192 
 822                                   4.198990             2.519394            -3.359192 
 823                                   4.198990             1.679596            -2.519394 
 824                                   3.359192             2.519394            -2.519394 
 825                                   3.359192             1.679596            -1.679596 
 826                                   4.198990             2.519394            -1.679596 
 827                                   4.198990             1.679596            -0.839798 
 828                                   3.359192             2.519394            -0.839798 
 829                                   3.359192             1.679596             0.000000 
 830                                   4.198990             2.519394             0.000000 
 831                                   4.198990             1.679596             0.839798 
 832                                   3.359192             2.519394             0.839798 
 833                                   3.359192             1.679596             1.679596 
 834                                   4.198990             2.519394             1.679596 
 835                                   4.198990             1.679596             2.519394 
 836                                   3.359192             2.519394             2.519394 
 837                                   3.359192             1.679596             3.359192 
 838                                   4.198990             2.519394             3.359192 
 839                                   4.198990             1.679596             4.198990 
 840                                   3.359192             2.519394             4.198990 
 841                                   3.359192             3.359192            -5.038789 
 842                                   4.198990             4.198990            -5.038789 
 843                                   4.198990             3.359192            -4.198990 
 844                                   3.359192             4.198990            -4.198990 
 845                                   3.359192             3.359192            -3.359192 
 846                                   4.198990             4.198990            -3.359192 
 847                                   4.198990             3.359192            -2.519394 
 848                                   3.359192             4.198990            -2.519394 
 849                                   3.359192             3.359192            -1.679596 
 850                                   4.198990             4.198990            -1.679596 
 851                                   4.198990             3.359192            -0.839798 
 852                                   3.359192             4.198990            -0.839798 
 853                                   3.359192             3.359192             0.000000 
 854                                   4.198990             4.198990             0.000000 
 855                                   4.198990             3.359192             0.839798 
 856                                   3.359192             4.198990             0.839798 
 857                                   3.359192             3.359192             1.679596 
 858                                   4.198990             4.198990             1.679596 
 859                                   4.198990             3.359192             2.519394 
 860                                   3.359192             4.198990             2.519394 
 861                                   3.359192             3.359192             3.359192 
 862                                   4.198990             4.198990             3.359192 
 863                                   4.198990             3.359192             4.198990 
 864                                   3.359192             4.198990             4.198990 
