# Velocities of the atoms in each direction in reduced units at the initial state for  Ar
# The variance of the normal (Gaussian) distribution is = 0.8497058314499201
 Atom                                      V(x)                 V(y)                 V(z) 
 1                                      1.37015              0.50829             -0.46390 
 2                                      0.53632              0.36080              1.46145 
 3                                     -0.07020              0.67984             -0.30281 
 4                                      0.51912             -0.31759              0.61417 
 5                                     -0.67963             -0.20327              0.10514 
 6                                      0.94456             -0.76982              0.37729 
 7                                      0.14130             -0.32682             -0.74427 
 8                                     -0.58216              0.09753             -0.34706 
 9                                     -0.83952             -0.23726             -0.37430 
 10                                    -0.12270             -0.78915             -0.49855 
 11                                    -1.50151              0.14195              0.74785 
 12                                     0.66166              0.43375              0.92665 
 13                                    -0.64106             -0.63788              0.71073 
 14                                    -0.16602             -0.30323              1.75475 
 15                                     0.15367             -1.34990             -0.54371 
 16                                     0.00061              0.34261             -1.66928 
 17                                     0.53751              0.25725              1.34151 
 18                                    -0.65946              0.18575             -0.93732 
 19                                    -0.04511              0.56795              1.35805 
 20                                     0.21617             -0.64534             -0.31438 
 21                                     0.09099             -0.36596             -0.11456 
 22                                    -0.49258              0.00749             -1.71519 
 23                                     0.91957             -0.58712             -0.38314 
 24                                    -0.31147              1.02715              0.28409 
 25                                    -0.78689              1.67439              0.71600 
 26                                    -0.83240              0.73210              0.06637 
 27                                     0.34772              0.39220             -0.40377 
 28                                     0.33762             -1.11571              0.90627 
 29                                     0.66117             -0.53921             -0.75892 
 30                                     0.21331              0.69874             -0.18729 
 31                                     1.22785              1.11150              0.50727 
 32                                     0.79197             -1.14369              0.53708 
 33                                    -0.00684             -1.09098              1.61321 
 34                                    -0.23179              0.83067             -0.12861 
 35                                    -0.56565              0.46253             -0.07920 
 36                                    -0.66122              0.27766              1.42666 
 37                                    -0.38335             -1.34376             -0.68413 
 38                                    -0.08364              0.04448              0.10832 
 39                                    -0.27788              1.56542             -0.38196 
 40                                     0.24291             -0.01341             -1.17479 
 41                                    -1.70007             -0.99531             -0.42508 
 42                                     1.11770              1.34503              0.85448 
 43                                    -1.14356             -0.45047              0.82479 
 44                                    -0.16424              0.13412              0.49760 
 45                                     0.21224              0.40832             -0.66015 
 46                                     0.42707              0.71659             -0.51642 
 47                                    -0.02076              0.76837             -0.37295 
 48                                     0.05270             -1.30984              0.87760 
 49                                    -0.76699             -0.15126              0.05617 
 50                                     0.49314             -0.42921              0.93455 
 51                                    -0.12112             -0.81429              0.75880 
 52                                    -1.11317              0.53197              0.86661 
 53                                    -0.18151             -1.24085              0.18242 
 54                                    -0.25142             -0.03670             -0.47036 
 55                                     0.47934             -1.04053              1.58456 
 56                                     0.46088              0.29286              0.73630 
 57                                    -0.35786              0.24038              1.15615 
 58                                     0.89312              0.69098              0.81053 
 59                                     0.35549             -0.75746             -0.25678 
 60                                     0.58733              1.64317              0.95077 
 61                                     1.09552             -0.41643              0.59927 
 62                                    -0.66491             -0.51289              0.97382 
 63                                     1.04689             -0.67746              0.11208 
 64                                     0.71156              0.72683             -0.99713 
 65                                     1.23913              0.76424              0.90657 
 66                                     0.28596             -0.29027              0.07445 
 67                                    -1.19259             -0.67258             -1.99429 
 68                                     1.06443             -0.43534              0.48059 
 69                                     1.00258             -0.57304             -0.38791 
 70                                     0.94488              0.37055             -0.84891 
 71                                     0.29982              0.25811              0.41417 
 72                                    -0.89670              0.45628              0.35403 
 73                                    -0.50371              0.53097             -1.61732 
 74                                     0.12039              0.55583             -0.81324 
 75                                     0.34523             -0.49716              2.22406 
 76                                    -0.56833              0.04995              0.14444 
 77                                     1.34395             -0.34677             -0.53988 
 78                                    -1.51275             -0.75557              1.06995 
 79                                     0.71531             -0.55908              0.12552 
 80                                    -0.02738             -1.19830              1.42571 
 81                                     0.64897             -0.57048              0.21676 
 82                                     0.81213              0.15127             -0.51253 
 83                                    -0.18533              1.55039              0.36540 
 84                                    -0.89228             -1.27745              0.24767 
 85                                    -2.30436              0.52942              0.70663 
 86                                     0.86150             -0.23284             -1.22354 
 87                                     0.01514              0.76137             -0.09222 
 88                                    -0.01976             -0.43986              0.05060 
 89                                     0.75914             -1.71557             -1.65856 
 90                                     0.23177             -0.67611              1.39028 
 91                                     0.86902              1.55276              1.45768 
 92                                    -1.32962              1.23974             -0.59669 
 93                                    -1.53179              0.89155             -0.61063 
 94                                     0.00077             -1.01560             -0.50411 
 95                                    -0.07095             -1.80477              0.43305 
 96                                    -0.51999              0.31289             -0.22718 
 97                                     0.33990             -0.09690              0.79010 
 98                                     0.03747             -0.08685              0.55919 
 99                                    -0.08558             -0.17047              0.55636 
 100                                    0.93223              0.09915             -0.14235 
 101                                    0.38450              0.60174              0.32494 
 102                                    0.83143             -0.99317              0.69197 
 103                                   -0.43688             -0.64332             -0.88663 
 104                                    0.41473             -0.33374             -0.51249 
 105                                    0.62917              0.41948              0.82703 
 106                                   -0.24259             -0.41068             -0.58681 
 107                                   -0.09607              1.65815              0.60639 
 108                                   -1.64260              1.07048              0.34234 
 109                                    0.58819              0.21983             -0.93998 
 110                                   -1.01189              0.47136              0.69847 
 111                                    0.54023             -0.18709              0.52110 
 112                                    0.63337              0.19704             -2.11725 
 113                                   -0.08219              1.11348             -0.48699 
 114                                   -1.18839             -0.26596              0.41355 
 115                                    0.59805              0.36242             -0.10764 
 116                                   -0.33999             -0.32302              0.84168 
 117                                   -0.58237             -0.23484              0.29543 
 118                                    0.16095              0.18808             -0.08152 
 119                                    1.39466              2.66166             -1.00801 
 120                                   -0.37251              0.19412             -0.93904 
 121                                    0.17582              0.26879              0.02915 
 122                                   -0.30270              0.45248              0.06555 
 123                                    0.95994             -1.11010             -1.37116 
 124                                    0.79163             -0.31274             -1.15155 
 125                                   -1.58941              0.39837             -0.26877 
 126                                    0.84427              0.41132             -0.90887 
 127                                   -0.97895              1.26896              0.73341 
 128                                   -2.34927             -0.87362             -0.99380 
 129                                   -1.05916              0.84262              2.16588 
 130                                   -0.51675              0.50429              0.84969 
 131                                   -0.58066             -0.28166             -1.72115 
 132                                    0.56434              0.18519             -0.46892 
 133                                    0.76136              0.94512             -0.16787 
 134                                   -0.75923              0.82904             -0.17748 
 135                                    0.03449             -1.39336              0.34349 
 136                                   -0.15589              1.30985              1.12432 
 137                                    0.28961              1.15996              0.09090 
 138                                   -0.88453              0.59764             -0.11965 
 139                                    1.11539             -0.16022             -0.25239 
 140                                    0.13983             -0.47625              0.72311 
 141                                   -0.31027             -0.97265              1.42685 
 142                                    0.49968             -0.06517              0.26336 
 143                                   -0.13908              0.79857             -0.81691 
 144                                   -1.28509             -1.17510              1.99297 
 145                                    0.95095             -1.11263             -0.07542 
 146                                    1.55621              0.12396              1.44375 
 147                                    0.68312             -0.72229             -0.13461 
 148                                    1.22835             -0.57364              0.08103 
 149                                    0.19026             -0.35896             -1.47614 
 150                                    0.12325              0.31849              0.72525 
 151                                   -0.51159              1.07324              0.91542 
 152                                    0.84349             -1.05904             -1.12509 
 153                                    0.27366              0.77092              1.44412 
 154                                   -1.31103              0.34799              0.99784 
 155                                    0.80251             -0.01890              0.81073 
 156                                    0.83019              1.40135             -1.09718 
 157                                   -0.03692              0.25882             -1.04313 
 158                                   -1.03608             -1.63447             -1.49089 
 159                                    1.46392             -0.24217             -1.68199 
 160                                    1.14173              1.42845              0.25856 
 161                                   -0.59152             -0.37389             -0.05157 
 162                                   -0.31313             -1.26958             -0.25773 
 163                                    0.25154              0.57410             -0.03594 
 164                                   -0.07343              0.40708             -0.45689 
 165                                   -0.20025             -0.46638             -0.28480 
 166                                    0.33237              0.25598             -0.40567 
 167                                    0.33704             -1.70602              0.70588 
 168                                    1.54001             -1.01240              2.13697 
 169                                   -0.21107              0.30093             -0.52338 
 170                                   -0.48735             -0.34221             -0.46997 
 171                                   -0.28653             -0.69768              0.69130 
 172                                   -0.32693             -0.09320              1.92022 
 173                                   -0.05557              1.59707             -0.29420 
 174                                    0.43377             -0.22172              0.73299 
 175                                    0.32176             -1.06483             -0.56635 
 176                                    1.19130              0.43819              0.85615 
 177                                   -1.12315              0.01521              1.21407 
 178                                    0.70139             -0.76997             -0.71416 
 179                                    1.43235              1.04473             -0.05896 
 180                                    0.18804              1.21693              1.05954 
 181                                    0.62032             -0.36393             -1.21073 
 182                                   -0.50123              0.34059              1.14379 
 183                                   -0.85835              0.27844             -0.46559 
 184                                    0.65830              0.60313             -0.90751 
 185                                   -0.15000              0.12060             -0.62232 
 186                                    1.11470             -0.09267              0.33420 
 187                                   -0.22030             -0.53381              1.37293 
 188                                    1.52563             -0.61107             -1.53686 
 189                                   -0.38384              0.56432             -1.18798 
 190                                   -0.47409             -1.12434              1.35008 
 191                                    0.16024              1.01964              0.65295 
 192                                    1.27033             -0.77097             -0.16111 
 193                                    1.77202             -1.67065              1.56273 
 194                                    0.48369              0.38717              0.34520 
 195                                    0.30534             -0.13672              1.12327 
 196                                    0.78182              0.17529              0.59401 
 197                                    0.46977             -0.71368              1.35548 
 198                                    1.02272             -0.89062             -0.04119 
 199                                   -1.58353             -0.33321             -0.25416 
 200                                    1.15646              0.66109             -0.12703 
 201                                   -1.19828             -0.83819             -0.92804 
 202                                   -0.34102             -1.10040             -0.48855 
 203                                    0.53076              0.06512              2.02409 
 204                                    0.67397             -0.27443              0.67379 
 205                                   -0.82709              0.42393             -0.85832 
 206                                   -1.48177              0.25264              0.66228 
 207                                    1.93162             -0.79673             -0.28298 
 208                                   -0.60311              0.72656              0.38327 
 209                                    0.37908             -0.14692             -0.23895 
 210                                    0.89809              0.65051             -0.14982 
 211                                   -0.29049             -0.80678             -0.38911 
 212                                   -0.31224              1.03182             -0.25775 
 213                                    0.86900             -0.59970              0.99207 
 214                                    0.45947              0.26295              1.26224 
 215                                    0.10175              0.85888              0.31571 
 216                                   -0.97029              0.69627             -0.84930 
 217                                   -0.70723             -0.87174             -0.82641 
 218                                    0.64471             -0.02724              1.12184 
 219                                    0.92942              0.05477              0.15455 
 220                                   -0.40985              1.22528              0.04827 
 221                                    0.21247             -0.95285             -0.97031 
 222                                    0.77385             -0.64320             -1.60485 
 223                                   -1.11980             -0.22984              0.84246 
 224                                   -0.34371             -0.91990              1.02255 
 225                                   -0.86069              0.68508             -1.43531 
 226                                   -0.08756              0.32748             -0.63873 
 227                                    0.06729              0.34337              0.78673 
 228                                   -0.92381              0.08683              0.44244 
 229                                   -0.17311              0.34521              0.18383 
 230                                   -0.10517             -1.65950              0.58973 
 231                                    0.40686             -0.89007             -0.14386 
 232                                    0.37298              1.55180             -1.85565 
 233                                   -0.01512             -0.28329              0.75794 
 234                                    0.29769              0.53109             -0.30246 
 235                                    2.34821             -0.80620              0.41915 
 236                                   -0.44151             -1.85251              0.41464 
 237                                    0.69204              0.01707              0.13192 
 238                                    0.59544              0.92264             -0.56378 
 239                                    0.93428              0.06741             -0.34244 
 240                                   -0.47989              0.52556             -0.77272 
 241                                   -0.43817              0.10593             -1.19978 
 242                                    1.87462             -0.02729             -0.07198 
 243                                   -0.79606              1.19573             -0.46381 
 244                                    0.72593              0.27561             -0.67623 
 245                                   -0.23828             -0.16809              0.53333 
 246                                   -0.73930              0.77627              0.06381 
 247                                    0.01778              0.06196             -1.26610 
 248                                    0.88340             -0.68279             -0.74358 
 249                                   -0.35311              0.23658             -0.12834 
 250                                    1.84801             -0.23834             -0.02491 
 251                                   -1.56171             -0.41190              0.40385 
 252                                    0.25338             -0.51759              0.92864 
 253                                   -1.02353              2.15448             -1.18547 
 254                                    0.10088             -0.43016             -0.02294 
 255                                   -0.58775             -0.97811              0.58546 
 256                                    0.19400              1.63465              0.34452 
 257                                   -1.00705              0.16051              0.10942 
 258                                    0.43209             -0.16909              1.46944 
 259                                    0.05033              1.34628              1.03571 
 260                                   -0.02815              0.39698              1.52145 
 261                                    0.08047              0.54868             -0.88090 
 262                                   -0.82081             -0.45784             -0.59134 
 263                                   -0.63989              0.60538             -1.19078 
 264                                    1.20525              0.61508              0.09979 
 265                                    0.15624              0.68413             -1.31625 
 266                                    1.47745             -0.84184             -0.00590 
 267                                    0.29315              1.07080             -0.55736 
 268                                   -0.02446              0.56925             -0.37888 
 269                                    0.70747             -0.64323             -0.72452 
 270                                    2.16714             -1.05469              0.26376 
 271                                    1.09865             -0.90878             -1.05702 
 272                                   -1.33988              0.56373             -0.35277 
 273                                    1.23588              0.17491             -0.92007 
 274                                    0.10888             -0.57200             -0.86645 
 275                                   -0.20170              0.81558              0.08082 
 276                                   -0.78991             -0.57588              0.47677 
 277                                    1.30464              1.04265             -1.32692 
 278                                   -1.22608              1.13902              0.67672 
 279                                   -0.35649             -0.14001              0.05104 
 280                                   -1.11980             -0.70459              0.16340 
 281                                    1.56327             -0.52559             -1.71080 
 282                                   -1.56238              1.15721             -0.64506 
 283                                    0.40979              0.26040             -0.53537 
 284                                   -0.95913             -0.04510              0.72653 
 285                                   -0.83040              0.76265              0.19524 
 286                                    1.54073              0.81458              1.71827 
 287                                    0.65031              0.00904             -1.83723 
 288                                    0.38636             -0.89883              0.54539 
 289                                    0.88746              1.39366              1.13699 
 290                                   -0.07826             -0.37539              0.71229 
 291                                   -1.53077              0.74955              0.11459 
 292                                   -1.17630              0.42272             -0.44963 
 293                                    0.13384              0.24176              2.02606 
 294                                    0.68949              0.57434             -0.84864 
 295                                   -0.82468              0.87336             -0.59560 
 296                                   -0.22799              0.41718              0.61776 
 297                                   -0.33113             -0.55750             -0.91755 
 298                                   -0.17754             -0.68097              0.21203 
 299                                   -1.01247              0.90585              0.05317 
 300                                   -0.45248              1.34504              0.64643 
 301                                   -0.33478              0.03954              0.20253 
 302                                   -0.55686             -0.29883             -1.06904 
 303                                   -0.04957              1.34847              0.77167 
 304                                   -0.12474             -1.12361             -0.89338 
 305                                   -0.24382             -0.14866              0.93300 
 306                                    1.07271              1.10919              0.25588 
 307                                   -1.87439              0.14525             -0.47075 
 308                                   -0.29692             -1.77475             -0.47597 
 309                                    0.14680             -0.94738              0.39434 
 310                                   -1.06297              0.03689             -0.94374 
 311                                    0.46132             -1.23883             -0.73801 
 312                                    0.74854             -1.50187              0.36113 
 313                                    0.17190             -0.41839             -0.24804 
 314                                   -1.00462              0.93082              1.15197 
 315                                   -0.65403             -0.13961              0.57997 
 316                                   -1.27679              0.48102              1.36900 
 317                                    1.67645             -0.31942             -0.34469 
 318                                   -0.49425             -0.49560             -0.87657 
 319                                   -0.87818              0.80152              0.44886 
 320                                    0.86917              0.46128              0.81784 
 321                                    0.11877             -0.18285              0.48056 
 322                                    0.68771             -0.17268              0.09874 
 323                                   -1.05375             -0.70043             -0.47994 
 324                                    0.36921              2.00790              1.48945 
 325                                   -0.25864              0.95650             -0.82204 
 326                                   -0.93689              0.17886             -0.29839 
 327                                   -1.26183             -0.38225             -1.39152 
 328                                   -0.00276              0.59132             -0.14568 
 329                                   -1.64752             -1.03002             -0.78550 
 330                                   -0.06565             -0.18328             -0.19912 
 331                                    0.39570             -1.54180              1.50227 
 332                                   -0.33841             -0.06956             -1.20358 
 333                                    0.83898              0.21098              0.14173 
 334                                    0.44417              1.03884             -0.48637 
 335                                    1.47311              0.86001              0.04076 
 336                                    0.27689             -0.60697              0.43160 
 337                                    0.28201             -0.73440             -1.93916 
 338                                   -0.02286             -0.21963              0.03696 
 339                                   -1.06195             -0.54747             -0.61176 
 340                                   -0.20132             -0.07607             -1.03398 
 341                                   -0.70606             -0.72009              0.60303 
 342                                    1.57510              0.63706             -0.83844 
 343                                    0.21432              1.12319             -0.12572 
 344                                   -0.46831              0.78707             -1.24144 
 345                                    0.08569              0.11989              1.05604 
 346                                    0.85556             -0.27405             -0.45977 
 347                                   -0.44645              0.69321             -1.35279 
 348                                   -0.29109             -0.24809              0.43303 
 349                                   -0.21834              0.50076              0.03312 
 350                                    1.04708             -0.44872             -0.34462 
 351                                    0.26332             -0.30660             -1.09446 
 352                                   -0.65448              0.40176             -0.15698 
 353                                    0.27237              0.35861             -0.32054 
 354                                    0.47164              1.11426             -0.94928 
 355                                   -0.02571              0.11575             -1.44257 
 356                                    0.42552              1.14078              0.27362 
 357                                    0.10475              0.79194              0.11630 
 358                                    0.24574              0.00653              0.36760 
 359                                    0.97025             -0.13149              0.13552 
 360                                   -0.54052             -0.82193              0.23854 
 361                                   -0.83911              0.47460             -0.24212 
 362                                    0.46242             -0.96814             -1.45219 
 363                                    0.11758              1.68204             -1.66327 
 364                                    0.80492             -0.41092             -0.56282 
 365                                   -0.06823             -0.02064             -0.02358 
 366                                   -1.14215              0.63612             -0.35250 
 367                                    0.40326             -0.46806              0.80025 
 368                                    0.54759             -0.00033              0.51080 
 369                                   -0.32266             -0.07065              0.68615 
 370                                   -0.45880              0.10127              0.92325 
 371                                    0.53373             -0.56482              0.25093 
 372                                    0.71948              0.61203             -0.82512 
 373                                   -0.09398             -0.47753             -1.55658 
 374                                    2.02069              0.67321             -0.01105 
 375                                   -0.36966             -0.70103              0.03595 
 376                                   -0.46287             -0.26845              1.29197 
 377                                   -1.36399             -0.73315             -0.93794 
 378                                   -0.21337             -0.27943              0.62084 
 379                                   -0.66172              0.91411              0.43109 
 380                                   -0.32430              0.49285             -0.33996 
 381                                   -0.54050              1.45167             -0.26354 
 382                                   -0.25651              0.43873             -0.14675 
 383                                   -1.13222              1.21439              1.14952 
 384                                    1.42055             -0.65915             -0.57867 
 385                                   -0.59282              0.65673              0.22074 
 386                                    0.00557             -0.57089             -0.60986 
 387                                   -0.52495             -0.20213             -0.68888 
 388                                    0.64081             -0.43557              1.05541 
 389                                    0.46480             -1.68968             -0.45624 
 390                                   -1.11313              0.50822              0.91689 
 391                                    1.15002             -1.00845             -0.07458 
 392                                   -0.06230             -1.88957              0.36419 
 393                                    1.12929             -0.73452             -0.00062 
 394                                   -0.65941              1.12513              0.19222 
 395                                   -0.25675              1.20389             -0.24203 
 396                                    1.08328              0.41694             -1.01666 
 397                                    0.77552              0.27717             -0.93286 
 398                                   -0.31150              0.48713              0.64655 
 399                                   -0.36109             -0.15306              1.14514 
 400                                    0.59683              1.11942             -0.04808 
 401                                   -2.29423             -0.71014             -0.57345 
 402                                    0.67511             -1.09309             -0.05898 
 403                                    2.19226              1.16809              0.59297 
 404                                    1.65104             -0.03049              0.33307 
 405                                   -0.64043              2.19100             -0.77803 
 406                                   -0.71862              0.43527             -0.19229 
 407                                    0.77223              0.16909             -0.36941 
 408                                    0.81947              0.82845             -0.10352 
 409                                   -0.31875             -0.05334             -0.33400 
 410                                   -1.98180              0.19357             -1.83153 
 411                                    0.45130              0.28080              0.17709 
 412                                   -0.14358              0.28432              0.57228 
 413                                    0.77819              0.74968              0.51626 
 414                                    0.18604             -0.98994             -0.30646 
 415                                    0.48361             -2.00799             -0.35659 
 416                                    0.20573              0.07396              0.14427 
 417                                    0.36193             -1.44500             -0.01243 
 418                                   -1.29692              1.04030             -1.46152 
 419                                    0.04802             -0.18668              0.80486 
 420                                    0.98415             -1.08265             -1.44370 
 421                                    0.86357             -0.34077             -0.05106 
 422                                   -0.29023             -0.29205              0.85112 
 423                                   -1.88190              0.55985              0.66605 
 424                                   -0.42193              0.23767             -1.41018 
 425                                   -1.28223             -0.64258             -0.91854 
 426                                   -1.55475             -0.76430             -0.30408 
 427                                   -1.01411              0.00211             -0.19460 
 428                                   -0.29825              0.48125              0.69080 
 429                                    0.90213              0.98415             -0.56005 
 430                                    0.09017              0.57367             -0.55871 
 431                                    0.96210              0.54737             -0.20982 
 432                                    0.06770             -0.72596             -0.28817 
 433                                    0.96738              0.77165             -0.27511 
 434                                    0.01164             -0.01125             -0.64386 
 435                                    0.47825             -0.45976             -0.26309 
 436                                   -0.56940             -1.04074              1.11922 
 437                                   -1.42183              0.84456             -1.67560 
 438                                   -0.79091              1.05540              0.19449 
 439                                    1.33522              0.68787              0.71691 
 440                                    0.40771             -0.35141             -0.33275 
 441                                    0.94588             -0.33891              0.83665 
 442                                   -0.03781              0.96033              0.94411 
 443                                   -0.25152             -0.19047              1.15122 
 444                                   -0.92138              0.82914              0.10120 
 445                                    0.56355             -0.62505             -0.06954 
 446                                   -0.17136              0.58774             -0.40899 
 447                                    0.76381              1.64226             -0.54103 
 448                                   -0.62321             -0.46269              0.18490 
 449                                   -1.12877              0.20729              0.33949 
 450                                   -0.89635             -0.56462             -0.42113 
 451                                   -0.13809              0.17320             -0.37500 
 452                                    1.05326             -0.82799              0.00035 
 453                                    1.45270             -1.12954              0.76307 
 454                                   -0.25678              1.30404              0.25853 
 455                                   -0.89227              0.37057              1.16060 
 456                                   -0.20035             -0.41158              0.07720 
 457                                   -0.19845              0.74368              0.18383 
 458                                   -0.42424              0.12189             -0.97607 
 459                                    0.97674              1.44891             -0.22403 
 460                                   -0.10802              0.67260             -1.21019 
 461                                   -0.72048              0.65618             -0.69682 
 462                                    0.35480             -1.46263              1.66176 
 463                                    0.89569              0.84572              1.14306 
 464                                    0.55025             -0.24683             -0.00077 
 465                                    0.79655              0.24775             -1.72896 
 466                                   -0.51204             -1.21284             -0.05146 
 467                                   -0.53055             -1.75420             -0.19104 
 468                                   -0.50645              0.37131             -0.51795 
 469                                   -0.93439              0.93840             -0.69541 
 470                                   -0.47721              0.01967              0.10729 
 471                                    1.35896             -1.09256              0.03278 
 472                                    2.59643             -0.81609             -0.09427 
 473                                    0.28580             -1.35843              0.45939 
 474                                    0.96518             -1.06398              0.98340 
 475                                    0.74064              0.70768             -0.33522 
 476                                   -0.52006             -0.16457              0.31400 
 477                                   -0.85481              0.36408              1.41770 
 478                                    0.60515              0.12071              0.36298 
 479                                   -1.03014             -0.75952             -1.23073 
 480                                   -0.85750              0.45327              0.84531 
 481                                    0.20936             -0.44147             -0.22801 
 482                                   -1.58979             -1.78868              0.99438 
 483                                   -1.47620             -0.30578             -0.22873 
 484                                   -1.05216             -2.29803              0.32244 
 485                                   -0.55663              0.89094             -0.74739 
 486                                    1.50929              1.28983             -1.13938 
 487                                    0.59088              0.26943              0.24368 
 488                                   -0.77217              0.60696             -0.71355 
 489                                   -0.33910              0.15738              0.30206 
 490                                   -0.50364             -1.43420              0.79616 
 491                                    0.73324             -0.27364              0.34468 
 492                                   -0.11197             -0.90123             -0.09962 
 493                                    0.02185             -1.10011             -0.58018 
 494                                   -0.34932             -1.11833              0.45009 
 495                                    0.22858              1.47590             -0.21765 
 496                                    0.12857              0.37157              0.61102 
 497                                   -0.08573             -0.70972             -1.03549 
 498                                    0.05815             -0.35541             -1.53651 
 499                                   -0.84894             -0.56999              1.53545 
 500                                    0.63317              0.76508              1.03161 
 501                                    0.25845             -0.62737             -0.87281 
 502                                   -0.33056              0.03767             -0.86852 
 503                                    0.25285             -0.19804              0.18478 
 504                                   -0.87048              1.52125              2.02516 
 505                                   -0.75230              1.20908             -1.34411 
 506                                    2.23090             -0.19709             -0.23749 
 507                                   -1.31019              1.43922             -0.81167 
 508                                    0.85057             -0.35589             -2.43865 
 509                                   -0.02313              1.11343             -0.57864 
 510                                   -0.01306             -1.20522              0.39591 
 511                                    1.72502             -1.20140             -0.10573 
 512                                   -1.64693              0.82487             -0.00531 
 513                                    0.43543              1.42164             -0.09916 
 514                                    0.74341             -0.98125              0.11651 
 515                                    0.29415             -0.87569              0.24679 
 516                                    1.79026             -0.37726              0.02133 
 517                                   -0.85546              2.13520              0.55873 
 518                                   -1.44700             -0.35248             -0.51319 
 519                                   -0.35896             -0.28824             -0.24448 
 520                                   -0.65666             -1.20736              0.09040 
 521                                    0.36970             -0.11772              1.07695 
 522                                   -0.16510              0.43192              0.70081 
 523                                   -1.61857             -2.15958             -1.37024 
 524                                   -0.65885              1.10520             -0.21199 
 525                                   -0.23218             -1.25071              0.71257 
 526                                   -1.91534              0.74182              0.41462 
 527                                    0.86966             -0.69943             -1.61915 
 528                                    2.23010              0.99062             -0.62691 
 529                                   -0.52123             -0.08535             -0.02465 
 530                                   -1.08290              0.54029             -0.53399 
 531                                    0.14669              0.25188             -0.03871 
 532                                   -0.77372              0.24385              0.85677 
 533                                   -0.00350             -0.36757             -1.67562 
 534                                    1.38904              0.57189             -0.48102 
 535                                   -0.94337             -0.10232              0.65946 
 536                                    1.20590             -1.07855              0.17553 
 537                                    0.78084             -0.52761             -1.02895 
 538                                   -0.12839              0.09388             -0.97206 
 539                                    1.44866             -0.37794             -0.65959 
 540                                   -2.53418             -0.80845              0.84145 
 541                                    0.04412             -0.50977              0.89609 
 542                                    0.49481              0.93551             -0.52725 
 543                                   -0.34247              0.10770             -0.23293 
 544                                   -0.47757             -0.02128             -0.54801 
 545                                    0.53321              0.34702              0.35838 
 546                                    1.20398             -0.81143              0.24989 
 547                                    0.39837              0.51352              0.37506 
 548                                    0.98130             -0.19732             -0.23706 
 549                                   -0.50368             -0.69084             -0.53081 
 550                                   -0.17063              0.16417              0.32299 
 551                                   -1.50602             -0.48048             -1.22748 
 552                                   -1.12382             -1.40255             -0.50958 
 553                                    1.15693             -0.10132             -1.07606 
 554                                   -0.64704              0.24689             -0.36384 
 555                                    0.89021              0.30470              1.00939 
 556                                    0.28204              1.09327             -0.44527 
 557                                   -0.65619             -0.75791             -0.94398 
 558                                   -0.55780             -1.54720             -0.81797 
 559                                    1.01596             -1.86885             -0.05046 
 560                                   -0.30693              0.44198             -0.39892 
 561                                    0.64442             -1.28003              0.42518 
 562                                   -0.92083             -0.12053             -1.17793 
 563                                   -0.72531             -1.13802              0.21742 
 564                                   -1.63686             -0.89701             -0.05019 
 565                                    0.10054              1.02547              0.43988 
 566                                   -0.21038             -0.11112             -0.14653 
 567                                    0.80754              0.21525              0.52074 
 568                                   -0.18991             -0.66030             -1.34604 
 569                                   -0.33137             -1.16576              0.27945 
 570                                    0.11713             -0.55316              1.54699 
 571                                   -0.25258             -0.86791             -0.40744 
 572                                   -0.43079             -1.20680              0.70092 
 573                                    1.25455              0.43999              0.39139 
 574                                   -1.02987              1.35376              0.00414 
 575                                   -0.88622             -1.17618             -0.04899 
 576                                    0.37239              1.13898              0.46078 
 577                                    0.28515             -0.29741             -0.16142 
 578                                   -0.60978             -1.59992              2.99273 
 579                                    0.64716             -0.83774             -1.35873 
 580                                   -0.31673              0.53138              0.69682 
 581                                    0.41753             -0.87129             -0.64776 
 582                                    1.38384              0.07168              0.72528 
 583                                    0.25055              0.54796             -0.52135 
 584                                   -0.38133             -1.39046             -1.12441 
 585                                   -0.04010              0.31810              0.69619 
 586                                    0.23237             -0.13355              0.37378 
 587                                    1.07738             -0.39686             -0.29625 
 588                                   -1.98166             -0.98537              1.25025 
 589                                    0.35472             -0.24420             -0.77011 
 590                                   -0.92747             -0.70581              0.03756 
 591                                    0.06249              1.47773              0.98022 
 592                                   -1.67476              0.83981              0.42044 
 593                                    0.88315             -0.54777              0.12576 
 594                                   -0.13060             -0.37934             -0.24889 
 595                                   -0.04396              0.42996              0.18575 
 596                                   -1.37872              0.57729             -0.34500 
 597                                   -0.14064             -0.92377             -0.22659 
 598                                    1.56303             -0.01870              0.17187 
 599                                   -1.43213              0.62088             -1.30864 
 600                                   -0.98787              0.59667             -1.57581 
 601                                   -0.38929              0.69539              0.95241 
 602                                    1.13629             -0.18310              0.58801 
 603                                   -0.22335             -0.68606              0.05610 
 604                                    1.01530              0.01076              0.83315 
 605                                   -0.08269              1.02900              0.70207 
 606                                    1.14794             -0.51756             -2.50370 
 607                                   -0.89782             -0.55984              0.11298 
 608                                   -1.02624             -0.57517              0.25317 
 609                                   -0.71046              0.12499             -0.28827 
 610                                   -0.47460             -0.77065             -0.39540 
 611                                    1.32092             -0.47442             -0.79062 
 612                                   -1.20343              1.13469              0.18797 
 613                                    0.11770              0.61873             -0.23500 
 614                                    0.09503              1.61052             -0.33225 
 615                                   -1.25564             -0.97990             -0.91567 
 616                                    0.30230              0.18336             -0.11544 
 617                                    0.07062             -0.95202             -0.75503 
 618                                    0.86316              0.80494             -1.03671 
 619                                    0.02167             -0.92991             -0.42907 
 620                                   -0.44222             -1.26537              0.74918 
 621                                    0.73130              0.02486             -0.33415 
 622                                   -0.31079             -1.30003             -0.44057 
 623                                   -0.12130              0.03236             -0.75671 
 624                                    0.26906             -0.75678             -0.75122 
 625                                    1.78609             -0.18122              1.34720 
 626                                    1.77162             -0.70635              0.74471 
 627                                   -1.51659              0.17633             -0.60384 
 628                                   -0.82931             -0.66094              0.41980 
 629                                   -0.35698              0.63869              0.93772 
 630                                    0.08692             -0.62559              1.00775 
 631                                    1.36143             -0.11390             -0.94461 
 632                                   -0.53756              0.33562             -0.46592 
 633                                   -0.23006              0.06739              0.33937 
 634                                   -0.36727             -0.40030             -2.05250 
 635                                   -0.43291              0.49185              2.02803 
 636                                    1.63557              1.16279              0.34043 
 637                                    1.01270              0.83253              0.42383 
 638                                   -0.61946             -0.06862              0.27081 
 639                                   -0.05538              0.48231              0.25291 
 640                                    0.31660              0.43147              0.40490 
 641                                   -0.86928              0.61346              0.07552 
 642                                   -0.62015             -0.36671              1.87764 
 643                                   -0.43528              1.37318             -0.95320 
 644                                   -0.90293              0.99287             -0.31802 
 645                                    1.15109             -0.06911              0.01749 
 646                                    0.78063              1.44991              0.00990 
 647                                   -1.03407              0.28609              0.95606 
 648                                   -0.42914             -0.03483              0.16130 
 649                                   -0.64315             -0.32181             -1.07949 
 650                                   -0.12682              1.75296              0.19250 
 651                                    1.71612             -2.24838             -0.42551 
 652                                    1.30177             -0.23678             -1.37905 
 653                                   -0.98896             -0.23319              0.25105 
 654                                   -0.95444              0.77095             -0.67504 
 655                                   -0.07170             -0.88068             -0.91818 
 656                                   -0.46273             -1.30853              0.64776 
 657                                   -0.25231             -0.54875              0.42264 
 658                                   -0.70548             -0.40100             -1.05794 
 659                                    1.19081              0.89781              1.30148 
 660                                   -0.53361              1.00430             -1.53849 
 661                                   -0.44346             -0.96832             -0.40264 
 662                                   -0.48778             -1.21372             -0.42555 
 663                                   -0.38471              0.63004              0.98886 
 664                                   -1.28894              1.30775              0.32794 
 665                                    1.48066             -0.48260             -0.11163 
 666                                   -0.36421             -0.73195              0.26277 
 667                                    0.84203              0.25490              1.64386 
 668                                    1.43439             -0.09182              0.93797 
 669                                   -0.03871              0.69651             -2.46201 
 670                                    0.35202              1.03528              0.52873 
 671                                   -1.07928             -0.63753             -0.32000 
 672                                    0.02826             -0.65525             -0.94621 
 673                                    0.74621              0.73065             -1.56129 
 674                                    0.07879             -0.51553              1.20026 
 675                                    0.33005              0.69792             -0.12591 
 676                                   -0.68991             -0.27699             -0.51088 
 677                                   -1.16319              0.09460              0.06824 
 678                                    1.15390             -0.19502             -0.82190 
 679                                    0.07254             -0.32007              0.28109 
 680                                    0.86273              0.81839             -1.43996 
 681                                   -0.32573             -0.25481              1.09954 
 682                                   -2.00539              0.45832              1.83479 
 683                                   -0.47309             -0.35971             -0.19405 
 684                                   -0.13628             -1.34246              0.02030 
 685                                   -0.73155              0.30085              0.95556 
 686                                   -0.08212              0.71467              0.32090 
 687                                   -0.57004             -0.18997             -0.35834 
 688                                   -0.83122              0.15999             -0.61296 
 689                                    0.11999              0.59005             -1.57757 
 690                                   -0.51067             -0.20438             -0.23816 
 691                                    2.46113             -0.93226              0.07695 
 692                                    1.16046             -0.01838              0.32520 
 693                                    0.39999             -0.57091             -0.92910 
 694                                   -0.04491             -0.91182              0.83246 
 695                                    0.63338              0.17815              0.56780 
 696                                    0.77589              0.09004             -1.73616 
 697                                   -0.25473             -1.10867             -0.52700 
 698                                    1.45527             -1.38963              0.07018 
 699                                    0.91032              0.79367              0.98280 
 700                                    0.36359              1.87343              0.17889 
 701                                   -0.52363              0.36296             -0.38275 
 702                                   -0.07958             -0.46589             -0.12813 
 703                                   -0.08921             -0.02353              1.02433 
 704                                   -0.21346              0.58796             -0.78327 
 705                                   -1.39382              1.01474              0.42060 
 706                                    1.67529              0.35215             -0.55568 
 707                                   -1.29202              0.28199             -1.56640 
 708                                    0.57555              0.82596              1.21927 
 709                                    0.57860             -2.11415             -1.07998 
 710                                   -1.58331              0.03875              0.09128 
 711                                    0.62072             -0.72167             -0.13655 
 712                                    0.25296              0.64972              0.90157 
 713                                    1.66458              1.54724              0.05289 
 714                                   -0.57899             -0.40465             -0.32969 
 715                                    1.51545              0.31872             -0.26891 
 716                                   -0.63984              0.99760              1.07390 
 717                                    1.23826              0.97409             -0.44161 
 718                                    0.45891              0.13134             -0.04422 
 719                                    0.88258              0.05598              0.80886 
 720                                    0.30001              1.26843              0.01375 
 721                                    1.04876             -0.58063             -0.77802 
 722                                   -0.97061              0.20406             -0.51267 
 723                                    0.51746             -0.77694             -0.00583 
 724                                   -0.62470              1.55823              0.49581 
 725                                    0.60203             -0.88642              0.73534 
 726                                    0.61708             -0.55703             -0.27871 
 727                                   -1.41729              1.19886              0.86376 
 728                                   -0.75710             -0.17472             -0.37960 
 729                                   -0.03673              0.22575             -0.38217 
 730                                    1.73969             -0.74357              0.38507 
 731                                    0.06082             -0.11776             -0.76944 
 732                                   -0.00704              0.49921              0.93042 
 733                                    1.96858             -0.57032              0.81721 
 734                                    0.60545              1.56103              0.21781 
 735                                   -1.07390             -0.16716              0.28630 
 736                                   -0.14351             -0.06823             -0.28651 
 737                                   -0.26132             -0.82966             -0.87728 
 738                                   -1.41451              0.54513              0.87729 
 739                                   -1.46164              0.67387             -1.18254 
 740                                   -2.20459              0.19826             -0.16561 
 741                                   -0.32825              0.13609             -0.31152 
 742                                    0.81094              1.34514             -0.68767 
 743                                   -0.46022             -0.10746             -1.30221 
 744                                    0.90145             -0.11275             -1.24849 
 745                                   -0.82921             -0.05978             -0.89748 
 746                                    1.19121             -1.24360              0.24724 
 747                                   -0.13951              0.47243              0.05988 
 748                                   -0.50970              0.57224             -0.60342 
 749                                    0.53577             -0.71623             -0.05032 
 750                                    0.43746             -1.42821              0.67915 
 751                                    0.62521             -1.06576             -0.16151 
 752                                   -2.34316             -1.61774              1.42389 
 753                                   -0.36069             -0.78710              0.01868 
 754                                    0.40350             -0.30938             -1.40886 
 755                                   -1.16307              0.41644             -0.41143 
 756                                    0.08403              0.65831             -0.46680 
 757                                   -0.61009             -1.07827              1.04493 
 758                                   -0.80607              0.72852              0.64447 
 759                                   -0.06449             -0.21796              0.77455 
 760                                   -0.40096              1.19105             -0.00299 
 761                                    0.50033              0.70527              0.33454 
 762                                    1.51732             -0.94527             -1.07242 
 763                                    1.56060             -0.33302              0.44478 
 764                                   -0.44126             -1.01898             -0.54997 
 765                                   -0.59306              0.03280              0.80150 
 766                                   -0.51564              0.30820              0.89282 
 767                                    0.00996             -0.94585             -1.59192 
 768                                    2.03612              0.53288              0.37869 
 769                                    1.43457              0.70148              0.28938 
 770                                   -0.07593              0.23412              0.07544 
 771                                    0.03452             -0.24005             -0.00216 
 772                                    0.23737             -0.34923             -0.72252 
 773                                   -1.46928             -1.87718              0.11007 
 774                                    1.31277             -1.64512             -0.36282 
 775                                   -0.03346             -0.25332             -0.36601 
 776                                    0.02866             -0.15008              1.80561 
 777                                    0.94488              0.24581              0.24902 
 778                                   -1.44755             -0.78834             -0.64764 
 779                                    0.90546              1.57744              0.62299 
 780                                    0.39688              0.15117              0.65646 
 781                                    0.44529             -0.05766             -0.77963 
 782                                   -1.19518             -0.62856              1.94398 
 783                                    1.00896             -0.03643             -0.15077 
 784                                   -0.67596              0.31068              0.47155 
 785                                    1.23708             -1.53157              0.87450 
 786                                    0.56016             -0.62684              0.25992 
 787                                   -0.78928             -0.16051             -0.29318 
 788                                   -0.02035              1.02556              1.49835 
 789                                   -0.80899             -0.08768             -1.05601 
 790                                    0.18350             -0.54770              0.50188 
 791                                   -0.92459              1.55918             -1.06008 
 792                                    1.44027             -0.12528              1.16309 
 793                                   -0.12414              0.34358              0.47914 
 794                                    0.90989              0.20075             -0.65723 
 795                                    0.34396             -0.71792             -1.13206 
 796                                   -0.68773             -0.31292              1.48736 
 797                                   -0.75636             -0.39828              0.65380 
 798                                   -2.18413             -0.47719              0.93326 
 799                                   -0.92503             -1.20413              1.68689 
 800                                    0.00531              0.12041             -0.06920 
 801                                    0.80874             -0.21547             -1.46713 
 802                                    0.32580              0.50817             -0.07231 
 803                                   -0.66058              0.39667              0.21779 
 804                                   -0.35901              1.40709              0.39362 
 805                                    0.78083              0.15032              0.41544 
 806                                   -0.22099              0.41832              0.09972 
 807                                   -0.14768              0.21529             -0.44835 
 808                                   -1.32538              1.04997              0.28909 
 809                                    0.09070              0.62586              1.25191 
 810                                    0.54849              0.94883              0.41057 
 811                                   -1.36442              0.90354              1.94889 
 812                                   -0.28754             -0.56780             -0.28076 
 813                                    0.06256             -0.69223              0.67661 
 814                                    0.44849             -1.61745              0.49249 
 815                                   -0.26529              0.49372             -1.03335 
 816                                   -0.01958             -1.90125              0.50668 
 817                                    1.05294             -0.14543              0.54805 
 818                                   -1.03420              1.38484             -0.05313 
 819                                   -1.39492             -1.32000             -0.00375 
 820                                   -0.67838              1.58981              1.34195 
 821                                   -1.99011              0.02558             -1.06325 
 822                                   -2.04098             -0.14119             -0.72782 
 823                                    0.39325              1.09103             -0.00571 
 824                                   -1.05957             -0.92574              0.59107 
 825                                   -0.00127             -0.92896              0.85083 
 826                                    0.01084              1.53744             -0.82736 
 827                                    0.65156              1.23783              0.44956 
 828                                   -1.07930              0.75929             -1.55211 
 829                                   -0.30478              0.56851              1.52234 
 830                                   -0.28155             -0.27931              1.73386 
 831                                    0.96511              1.50279             -1.65954 
 832                                    0.67253             -0.52219             -1.43222 
 833                                   -1.73512             -0.70556             -0.16156 
 834                                    0.06538             -0.53327              1.15265 
 835                                    0.78421              1.31020              0.61521 
 836                                   -0.15333              0.40819              0.61017 
 837                                   -0.23802             -0.83011              0.40761 
 838                                   -0.55623              2.09541             -0.49752 
 839                                    2.45766             -0.61844             -1.36590 
 840                                   -1.21795             -0.82560              0.62031 
 841                                   -1.23851             -0.99873             -0.58069 
 842                                   -1.60506             -0.37667              0.85709 
 843                                   -0.81480             -0.36053              0.29195 
 844                                   -0.32724              0.61188             -0.08183 
 845                                    0.60824             -0.00996              0.47535 
 846                                   -0.58633              1.02014              1.40789 
 847                                    0.75370             -0.67585             -0.11012 
 848                                    0.14782              0.72613             -0.16730 
 849                                   -0.09903              0.11600              0.72351 
 850                                   -0.63719              1.31558              2.33809 
 851                                    0.11179             -0.41702              1.51696 
 852                                    1.24745              0.07900             -0.53718 
 853                                    0.51936              0.85474              0.99535 
 854                                    0.97981             -0.62518              0.24026 
 855                                   -0.72010             -0.12946              0.91900 
 856                                    0.05808             -0.86689             -0.33015 
 857                                    0.96659             -0.46390             -0.03856 
 858                                    0.06544              0.06024             -0.61392 
 859                                   -0.09928              0.09367             -0.31391 
 860                                    0.79227             -0.74808              0.14681 
 861                                   -1.34452              0.47131              1.24608 
 862                                   -0.54248              0.32596             -0.37244 
 863                                   -0.38063              1.03933              0.47107 
 864                                    0.26264             -0.71836             -0.87495 
